1;AT;;;;;;16.3667;48.2;1004
1;AT;;;;;;16.3667;48.2;1010
1;AT;;;;;;16.3667;48.2;1012
1;AT;;;;;;16.3667;48.2;1013
1;AT;;;;;;16.3667;48.2;1014
1;AT;;;;;;16.3667;48.2;1015
1;AT;;;;;;16.3667;48.2;1016
1;AT;;;;;;16.3667;48.2;1020
1;AT;;;;;;16.3667;48.2;1022
1;AT;;;;;;16.3667;48.2;1023
1;AT;;;;;;16.3667;48.2;1024
1;AT;;;;;;16.3667;48.2;1025
1;AT;;;;;;16.3667;48.2;1030
1;AT;;;;;;16.3667;48.2;1032
1;AT;;;;;;16.3667;48.2;1033
1;AT;;;;;;16.3667;48.2;1034
1;AT;;;;;;16.3667;48.2;1035
1;AT;;;;;;16.3667;48.2;1036
1;AT;;;;;;16.3667;48.2;1037
1;AT;;;;;;16.3667;48.2;1038
1;AT;;;;;;16.3667;48.2;1040
1;AT;;;;;;16.3667;48.2;1042
1;AT;;;;;;16.3667;48.2;1043
1;AT;;;;;;16.3667;48.2;1045
1;AT;;;;;;16.3667;48.2;1050
1;AT;;;;;;16.3667;48.2;1052
1;AT;;;;;;16.3667;48.2;1053
1;AT;;;;;;16.3667;48.2;1060
1;AT;;;;;;16.3667;48.2;1062
1;AT;;;;;;16.3667;48.2;1070
1;AT;;;;;;16.3667;48.2;1072
1;AT;;;;;;16.3667;48.2;1080
1;AT;;;;;;16.3667;48.2;1082
1;AT;;;;;;16.3667;48.2;1090
1;AT;;;;;;16.3667;48.2;1092
1;AT;;;;;;16.3667;48.2;1093
1;AT;;;;;;16.3667;48.2;1094
1;AT;;;;;;16.3667;48.2;1095
1;AT;;;;;;16.3667;48.2;1096
1;AT;;;;;;16.3667;48.2;1097
1;AT;;;;;;16.3667;48.2;1100
1;AT;;;;;;16.3667;48.2;1102
1;AT;;;;;;16.3667;48.2;1103
1;AT;;;;;;16.3667;48.2;1104
1;AT;;;;;;16.3667;48.2;1105
1;AT;;;;;;16.3667;48.2;1106
1;AT;;;;;;16.3667;48.2;1107
1;AT;;;;;;16.3667;48.2;1108
1;AT;;;;;;16.3667;48.2;1110
1;AT;;;;;;16.3667;48.2;1112
1;AT;;;;;;16.3667;48.2;1113
1;AT;;;;;;16.3667;48.2;1120
1;AT;;;;;;16.3667;48.2;1122
1;AT;;;;;;16.3667;48.2;1123
1;AT;;;;;;16.3667;48.2;1124
1;AT;;;;;;16.3667;48.2;1125
1;AT;;;;;;16.3667;48.2;1126
1;AT;;;;;;16.3667;48.2;1127
1;AT;;;;;;16.3667;48.2;1130
1;AT;;;;;;16.3667;48.2;1132
1;AT;;;;;;16.3667;48.2;1133
1;AT;;;;;;16.3667;48.2;1134
1;AT;;;;;;16.3667;48.2;1136
1;AT;;;;;;16.3667;48.2;1140
1;AT;;;;;;16.3667;48.2;1142
1;AT;;;;;;16.3667;48.2;1143
1;AT;;;;;;16.3667;48.2;1144
1;AT;;;;;;16.3667;48.2;1145
1;AT;;;;;;16.3667;48.2;1147
1;AT;;;;;;16.3667;48.2;1149
1;AT;;;;;;16.3667;48.2;1150
1;AT;;;;;;16.3667;48.2;1152
1;AT;;;;;;16.3667;48.2;1153
1;AT;;;;;;16.3667;48.2;1160
1;AT;;;;;;16.3667;48.2;1162
1;AT;;;;;;16.3667;48.2;1163
1;AT;;;;;;16.3667;48.2;1164
1;AT;;;;;;16.3667;48.2;1165
1;AT;;;;;;16.3667;48.2;1166
1;AT;;;;;;16.3667;48.2;1170
1;AT;;;;;;16.3667;48.2;1172
1;AT;;;;;;16.3667;48.2;1173
1;AT;;;;;;16.3667;48.2;1174
1;AT;;;;;;16.3667;48.2;1180
1;AT;;;;;;16.3667;48.2;1182
1;AT;;;;;;16.3667;48.2;1183
1;AT;;;;;;16.3667;48.2;1184
1;AT;;;;;;16.3667;48.2;1190
1;AT;;;;;;16.3667;48.2;1192
1;AT;;;;;;16.3667;48.2;1193
1;AT;;;;;;16.3667;48.2;1194
1;AT;;;;;;16.3667;48.2;1195
1;AT;;;;;;16.3667;48.2;1196
1;AT;;;;;;16.3667;48.2;1197
1;AT;;;;;;16.3667;48.2;1199
1;AT;;;;;;16.3667;48.2;1200
1;AT;;;;;;16.3667;48.2;1202
1;AT;;;;;;16.3667;48.2;1203
1;AT;;;;;;16.3667;48.2;1204
1;AT;;;;;;16.3667;48.2;1205
1;AT;;;;;;16.3667;48.2;1206
1;AT;;;;;;16.3667;48.2;1210
1;AT;;;;;;16.3667;48.2;1212
1;AT;;;;;;16.3667;48.2;1213
1;AT;;;;;;16.3667;48.2;1214
1;AT;;;;;;16.3667;48.2;1215
1;AT;;;;;;16.3667;48.2;1216
1;AT;;;;;;16.3667;48.2;1217
1;AT;;;;;;16.3667;48.2;1218
1;AT;;;;;;16.3667;48.2;1220
1;AT;;;;;;16.3667;48.2;1222
1;AT;;;;;;16.3667;48.2;1223
1;AT;;;;;;16.3667;48.2;1224
1;AT;;;;;;16.3667;48.2;1225
1;AT;;;;;;16.3667;48.2;1226
1;AT;;;;;;16.3667;48.2;1227
1;AT;;;;;;16.3667;48.2;1228
1;AT;;;;;;16.3667;48.2;1229
1;AT;;;;;;16.3667;48.2;1230
1;AT;;;;;;16.3667;48.2;1232
1;AT;;;;;;16.3667;48.2;1233
1;AT;;;;;;16.3667;48.2;1234
1;AT;;;;;;16.3667;48.2;1235
1;AT;;;;;;16.3667;48.2;1236
1;AT;;;;;;16.3667;48.2;1237
1;AT;;;;;;16.3667;48.2;1238
1;AT;;;;;;16.3667;48.2;1239
1;AT;;;;;;16.3667;48.2;1600
1;AT;;;;;;16.3667;48.2;1810
1;AT;;;;;;16.2167;48.3833;2000
1;AT;;;;;;16.2306;48.4992;2002
1;AT;;;;;;16.2333;48.4167;2003
1;AT;;;;;;16.3;48.4333;2004
1;AT;;;;;;16.1167;48.4833;2013
1;AT;;;;;;16.0667;48.5;2014
1;AT;;;;;;16.0833;47.6167;2020
1;AT;;;;;;16.1833;48.6167;2023
1;AT;;;;;;16.1833;48.6667;2024
1;AT;;;;;;16.1667;48.5667;2031
1;AT;;;;;;16.2333;48.5833;2032
1;AT;;;;;;16.2333;48.6167;2033
1;AT;;;;;;16.2456;48.6639;2034
1;AT;;;;;;16.1;48.6167;2041
1;AT;;;;;;16.05;48.65;2042
1;AT;;;;;;15.95;48.6833;2051
1;AT;;;;;;16.05;48.7;2053
1;AT;;;;;;16.0667;48.7;2054
1;AT;;;;;;16.1167;48.7;2061
1;AT;;;;;;16.2333;48.7;2063
1;AT;;;;;;16.3;48.7167;2064
1;AT;;;;;;15.9;48.7;2073
1;AT;;;;;;16;48.7667;2074
1;AT;;;;;;15.8833;48.7833;2081
1;AT;;;;;;15.3667;46.6667;2082
1;AT;;;;;;15.6667;48.7833;2093
1;AT;;;;;;16.3333;48.35;2100
1;AT;;;;;;16.35;48.3167;2102
1;AT;;;;;;16.35;48.3;2103
1;AT;;;;;;16.25;48.3833;2104
1;AT;;;;;;14.9667;46.9833;2105
1;AT;;;;;;16.4167;48.4167;2112
1;AT;;;;;;16.3667;48.45;2113
1;AT;;;;;;16.4167;48.4667;2114
1;AT;;;;;;16.35;48.5333;2115
1;AT;;;;;;16.4;48.55;2116
1;AT;;;;;;16.4833;48.4;2122
1;AT;;;;;;16.4667;48.4167;2123
1;AT;;;;;;16.4667;48.4667;2124
1;AT;;;;;;16.4833;48.5333;2126
1;AT;;;;;;16.5767;48.57;2130
1;AT;;;;;;16.5167;48.6333;2132
1;AT;;;;;;16.4914;48.7208;2135
1;AT;;;;;;16.3833;48.7167;2136
1;AT;;;;;;16.5333;48.6667;2141
1;AT;;;;;;16.7236;48.6439;2143
1;AT;;;;;;16.8;48.6333;2144
1;AT;;;;;;16.8167;48.6167;2145
1;AT;;;;;;16.5;48.5833;2151
1;AT;;;;;;16.4;48.6167;2152
1;AT;;;;;;16.2833;48.65;2153
1;AT;;;;;;16.3333;48.6667;2154
1;AT;;;;;;16.6167;48.7167;2161
1;AT;;;;;;16.5506;48.7378;2164
1;AT;;;;;;16.65;48.75;2165
1;AT;;;;;;16.6333;48.6667;2170
1;AT;;;;;;16.6833;48.6833;2171
1;AT;;;;;;16.8167;48.6;2181
1;AT;;;;;;16.8167;48.5833;2182
1;AT;;;;;;16.8;48.6333;2183
1;AT;;;;;;16.7667;48.6;2184
1;AT;;;;;;16.7208;48.6;2185
1;AT;;;;;;16.5833;48.4667;2191
1;AT;;;;;;16.65;48.55;2192
1;AT;;;;;;16.4667;48.2831;2201
1;AT;;;;;;16.5333;48.35;2211
1;AT;;;;;;16.6039;48.36;2213
1;AT;;;;;;16.6333;48.3667;2214
1;AT;;;;;;16.6667;48.3833;2215
1;AT;;;;;;16.5983;48.4519;2222
1;AT;;;;;;16.65;48.45;2223
1;AT;;;;;;16.6667;48.5;2224
1;AT;;;;;;16.75;48.5333;2225
1;AT;;;;;;16.7333;48.35;2230
1;AT;;;;;;16.6667;48.3167;2231
1;AT;;;;;;16.7333;48.3833;2242
1;AT;;;;;;14.3653;46.5089;2243
1;AT;;;;;;16.7333;48.45;2244
1;AT;;;;;;16.7667;48.35;2253
1;AT;;;;;;16.8333;48.4;2262
1;AT;;;;;;16.85;48.4833;2263
1;AT;;;;;;16.8667;48.5;2264
1;AT;;;;;;16.9;48.5333;2265
1;AT;;;;;;16.85;48.5667;2272
1;AT;;;;;;16.9;48.6;2273
1;AT;;;;;;16.9;48.65;2274
1;AT;;;;;;16.8667;48.6833;2275
1;AT;;;;;;16.6333;48.2667;2282
1;AT;;;;;;16.7;48.2667;2283
1;AT;;;;;;16.7333;48.25;2284
1;AT;;;;;;16.6833;48.2167;2285
1;AT;;;;;;16.7833;48.1833;2286
1;AT;;;;;;16.8833;48.1667;2292
1;AT;;;;;;16.8167;48.3;2295
1;AT;;;;;;16.5508;48.2028;2301
1;AT;;;;;;16.7;48.1333;2304
1;AT;;;;;;16.8;48.1333;2305
1;AT;;;;;;16.4667;48.1333;2320
1;AT;;;;;;16.4167;48.1;2326
1;AT;;;;;;16.3333;48.1167;2331
1;AT;;;;;;16.3833;48.0667;2340
1;AT;;;;;;16.3833;48.0667;2342
1;AT;;;;;;16.2833;48.1;2344
1;AT;;;;;;16.2833;48.1;2345
1;AT;;;;;;16.3167;48.0667;2351
1;AT;;;;;;16.2833;48.05;2352
1;AT;;;;;;16.3;48.0333;2353
1;AT;;;;;;16.3;48.0333;2354
1;AT;;;;;;16.3167;48.0667;2355
1;AT;;;;;;16.35;48.0667;2361
1;AT;;;;;;16.3333;48.0833;2362
1;AT;;;;;;16.2333;48.0833;2371
1;AT;;;;;;16.2667;48.1167;2380
1;AT;;;;;;16.1667;48.15;2381
1;AT;;;;;;16.1167;48.1333;2384
1;AT;;;;;;16.1167;48.1333;2385
1;AT;;;;;;16.1833;48.1167;2391
1;AT;;;;;;16.1333;48.1;2392
1;AT;;;;;;16.7667;48.1;2403
1;AT;;;;;;16.85;48.1167;2404
1;AT;;;;;;16.9;48.1333;2405
1;AT;;;;;;16.9333;48.15;2410
1;AT;;;;;;17;48.1333;2412
1;AT;;;;;;17.0667;48.0833;2421
1;AT;;;;;;17.0333;48.05;2422
1;AT;;;;;;17.1;48.0167;2423
1;AT;;;;;;17;47.9667;2424
1;AT;;;;;;16.6;48.0833;2431
1;AT;;;;;;16.6;48.0333;2433
1;AT;;;;;;16.5803;48.0133;2434
1;AT;;;;;;16.5167;48.0333;2435
1;AT;;;;;;16.4833;48.0167;2440
1;AT;;;;;;16.4667;47.9833;2441
1;AT;;;;;;16.4167;47.95;2442
1;AT;;;;;;16.5833;47.95;2451
1;AT;;;;;;16.6;47.9667;2452
1;AT;;;;;;16.65;47.9833;2453
1;AT;;;;;;16.6333;48.0167;2454
1;AT;;;;;;16.7667;48.0167;2460
1;AT;;;;;;16.7167;48.0167;2462
1;AT;;;;;;16.6667;48.0333;2463
1;AT;;;;;;16.7333;48.05;2464
1;AT;;;;;;16.85;48.0667;2471
1;AT;;;;;;16.95;48.0667;2472
1;AT;;;;;;16.9333;48.0333;2473
1;AT;;;;;;16.9833;48.0167;2474
1;AT;;;;;;14.2833;46.5833;2475
1;AT;;;;;;16.3833;48.0667;2481
1;AT;;;;;;16.3833;48.0333;2482
1;AT;;;;;;16.4;47.95;2483
1;AT;;;;;;16.4167;47.9167;2485
1;AT;;;;;;16.3833;47.9;2486
1;AT;;;;;;16.3667;47.8667;2490
1;AT;;;;;;16.3667;47.85;2491
1;AT;;;;;;16.2667;48;2512
1;AT;;;;;;16.3;48.0167;2513
1;AT;;;;;;16.2833;48.0167;2514
1;AT;;;;;;16.3167;47.9667;2522
1;AT;;;;;;16.2833;47.95;2524
1;AT;;;;;;16.2667;47.9333;2525
1;AT;;;;;;16.0833;48.05;2534
1;AT;;;;;;16.2;47.9667;2540
1;AT;;;;;;16.2;47.95;2541
1;AT;;;;;;16.2167;47.95;2542
1;AT;;;;;;16.2167;47.9167;2544
1;AT;;;;;;16.1833;47.9167;2552
1;AT;;;;;;16.0333;47.9667;2564
1;AT;;;;;;15.8833;48.0167;2572
1;AT;;;;;;16.25;47.8833;2601
1;AT;;;;;;16.2333;47.8833;2603
1;AT;;;;;;16.2333;47.85;2604
1;AT;;;;;;16.1667;47.7167;2625
1;AT;;;;;;16.0333;47.7167;2630
1;AT;;;;;;16.0333;47.7167;2634
1;AT;;;;;;15.9333;47.6667;2640
1;AT;;;;;;15.8667;47.65;2641
1;AT;;;;;;15.4333;47.15;2642
1;AT;;;;;;15.85;47.6833;2650
1;AT;;;;;;15.8333;47.7;2651
1;AT;;;;;;15.7;47.8;2662
1;AT;;;;;;15.7333;47.8833;2663
1;AT;;;;;;15.8667;47.6833;2671
1;AT;;;;;;15.8167;47.6667;2673
1;AT;;;;;;15.8167;47.6333;2680
1;AT;;;;;;16.25;47.8;2700
1;AT;;;;;;16.25;47.8;2702
1;AT;;;;;;16.25;47.8;2703
1;AT;;;;;;16.25;47.8;2704
1;AT;;;;;;16.1667;47.8333;2721
1;AT;;;;;;16.1;47.8333;2723
1;AT;;;;;;15.9833;47.7833;2733
1;AT;;;;;;15.9;47.7833;2734
1;AT;;;;;;16.2;47.8667;2751
1;AT;;;;;;16.1667;47.8667;2752
1;AT;;;;;;16.1333;47.8667;2753
1;AT;;;;;;16.2833;47.65;2802
1;AT;;;;;;16.2833;47.6167;2811
1;AT;;;;;;16.25;47.5833;2812
1;AT;;;;;;16.2333;47.7333;2821
1;AT;;;;;;16.1833;47.7167;2823
1;AT;;;;;;16.1333;47.6833;2824
1;AT;;;;;;16.1333;47.6167;2840
1;AT;;;;;;16.2;47.45;2852
1;AT;;;;;;16.2333;47.4833;2853
1;AT;;;;;;16.2833;47.5;2860
1;AT;;;;;;16.0833;47.55;2870
1;AT;;;;;;16.1167;47.5;2871
1;AT;;;;;;16.0333;47.5;2872
1;AT;;;;;;16.05;47.6;2873
1;AT;;;;;;15.9833;47.6;2880
1;AT;;;;;;16.2333;48.2;3001
1;AT;;;;;;16.1667;48.2;3002
1;AT;;;;;;16.15;48.2167;3003
1;AT;;;;;;16.0667;48.25;3004
1;AT;;;;;;16.1;48.1833;3011
1;AT;;;;;;16.166666666667;48.15;3012
1;AT;;;;;;16.0833;48.1833;3013
1;AT;;;;;;16.0833;48.1833;3021
1;AT;;;;;;16.0167;48.1667;3031
1;AT;;;;;;15.9167;48.15;3033
1;AT;;;;;;15.9167;48.1833;3034
1;AT;;;;;;15.9;48.2;3040
1;AT;;;;;;15.9167;48.2333;3041
1;AT;;;;;;15.85;48.25;3042
1;AT;;;;;;15.9;48.1333;3052
1;AT;;;;;;15.8333;48.1833;3061
1;AT;;;;;;15.7667;48.2;3071
1;AT;;;;;;15.7833;48.15;3072
1;AT;;;;;;15.8;48.1167;3073
1;AT;;;;;;15.5667;48.25;3121
1;AT;;;;;;15.4667;48.3;3122
1;AT;;;;;;15.5833;48.2833;3123
1;AT;;;;;;15.5833;48.3167;3124
1;AT;;;;;;15.6333;48.3;3125
1;AT;;;;;;15.6833;48.2667;3130
1;AT;;;;;;15.7333;48.35;3133
1;AT;;;;;;15.7;48.2333;3140
1;AT;;;;;;15.8;48.25;3142
1;AT;;;;;;15.6;48.0333;3160
1;AT;;;;;;15.7333;48.0333;3163
1;AT;;;;;;15.6333;48.0167;3180
1;AT;;;;;;15.1333;46.8333;3183
1;AT;;;;;;14.2667;47.7;3195
1;AT;;;;;;15.4333;48.0167;3204
1;AT;;;;;;15.4;47.9833;3211
1;AT;;;;;;15.3833;47.9333;3212
1;AT;;;;;;15.3167;47.9667;3213
1;AT;;;;;;15.2833;47.9167;3214
1;AT;;;;;;15.3167;47.85;3223
1;AT;;;;;;15.4667;48.1167;3232
1;AT;;;;;;15.4;48.1;3233
1;AT;;;;;;15.3333;48.1;3240
1;AT;;;;;;15.3167;48.0667;3241
1;AT;;;;;;15.3167;48.0333;3242
1;AT;;;;;;15.15;48.1333;3252
1;AT;;;;;;15.1833;48.1833;3253
1;AT;;;;;;15.0333;48.0667;3261
1;AT;;;;;;15.0167;47.9833;3264
1;AT;;;;;;15.1667;48;3270
1;AT;;;;;;15.2167;48.05;3281
1;AT;;;;;;14.4167;46.8167;3292
1;AT;;;;;;15.05;47.85;3293
1;AT;;;;;;15.1333;47.8667;3295
1;AT;;;;;;14.8;48.1167;3311
1;AT;;;;;;14.7167;48.1667;3313
1;AT;;;;;;15.95;47.9333;3314
1;AT;;;;;;14.8167;48.1667;3321
1;AT;;;;;;14.5;48.15;3322
1;AT;;;;;;14.9167;48.0667;3324
1;AT;;;;;;15;48.0833;3325
1;AT;;;;;;14.7167;47.8833;3334
1;AT;;;;;;14.7667;47.9667;3340
1;AT;;;;;;14.8833;47.9333;3341
1;AT;;;;;;14.8167;47.8667;3342
1;AT;;;;;;14.7667;47.8;3343
1;AT;;;;;;14.9167;47.8;3345
1;AT;;;;;;14.5833;48.05;3351
1;AT;;;;;;14.65;48.0333;3353
1;AT;;;;;;14.75;48.0667;3361
1;AT;;;;;;14.85;48.05;3364
1;AT;;;;;;15.0833;48.1667;3370
1;AT;;;;;;15.05;48.1333;3371
1;AT;;;;;;14.9833333333333;48.1333;3372
1;AT;;;;;;15.0833;48.15;3373
1;AT;;;;;;15.1167;48.2;3374
1;AT;;;;;;15.2;48.2;3380
1;AT;;;;;;15.4;48.15;3383
1;AT;;;;;;15.5167;48.2;3385
1;AT;;;;;;15.3167;48.2167;3390
1;AT;;;;;;15.3667;48.25;3392
1;AT;;;;;;16.3167;48.3;3400
1;AT;;;;;;16.3167;48.3;3402
1;AT;;;;;;16.3167;48.3;3403
1;AT;;;;;;16.3;48.2833;3411
1;AT;;;;;;16.2667;48.3;3412
1;AT;;;;;;16.2167;48.3;3413
1;AT;;;;;;16.3;48.3333;3420
1;AT;;;;;;16.2667;48.35;3421
1;AT;;;;;;16.1667;48.3333;3424
1;AT;;;;;;16.1167;48.3333;3425
1;AT;;;;;;16.1333;48.3;3433
1;AT;;;;;;16.1167;48.2833;3434
1;AT;;;;;;16;48.2833;3441
1;AT;;;;;;16;48.3;3442
1;AT;;;;;;16;48.25;3443
1;AT;;;;;;15.9333;48.2833;3451
1;AT;;;;;;15.9;48.2833;3452
1;AT;;;;;;15.6167;48.3167;3462
1;AT;;;;;;16.0167;48.4;3463
1;AT;;;;;;14.4333;48.0667;3464
1;AT;;;;;;15.8833;48.4333;3470
1;AT;;;;;;15.8667;48.4833;3471
1;AT;;;;;;15.7833;48.5167;3473
1;AT;;;;;;15.85;48.3833;3474
1;AT;;;;;;15.8167;48.4333;3481
1;AT;;;;;;15.7833;48.4333;3483
1;AT;;;;;;15.7833;48.4;3484
1;AT;;;;;;15.7333;48.4333;3485
1;AT;;;;;;15.7333;48.4333;3492
1;AT;;;;;;15.7167;48.45;3493
1;AT;;;;;;15.6833;48.4333;3494
1;AT;;;;;;15.65;48.4167;3495
1;AT;;;;;;15.6;48.4167;3500
1;AT;;;;;;15.45;48.4667;3521
1;AT;;;;;;15.2667;48.4833;3524
1;AT;;;;;;15.2333;48.4667;3525
1;AT;;;;;;15.2667;48.5833;3533
1;AT;;;;;;15.4833;48.5167;3542
1;AT;;;;;;15.4333;48.5833;3543
1;AT;;;;;;15.4833;48.5833;3544
1;AT;;;;;;15.6667;48.4667;3550
1;AT;;;;;;15.6667;48.55;3564
1;AT;;;;;;15.65;48.5833;3571
1;AT;;;;;;15.6333;48.6333;3573
1;AT;;;;;;15.4333;48.6333;3593
1;AT;;;;;;15.3833;48.6167;3594
1;AT;;;;;;15.5167;48.6833;3595
1;AT;;;;;;15.5;48.3833;3602
1;AT;;;;;;15.4333;48.3667;3621
1;AT;;;;;;15.3;48.4167;3623
1;AT;;;;;;15.4;48.2833;3641
1;AT;;;;;;15.4167;48.2833;3642
1;AT;;;;;;15.3333;48.3;3643
1;AT;;;;;;15.3333;48.2333;3644
1;AT;;;;;;15.1833;48.3167;3650
1;AT;;;;;;15.2667;48.2333;3652
1;AT;;;;;;15.2667;48.3333;3654
1;AT;;;;;;15.2167;48.2167;3660
1;AT;;;;;;15.2;48.2333;3661
1;AT;;;;;;15.1167;48.25;3662
1;AT;;;;;;15.1167;48.3167;3663
1;AT;;;;;;15.15;48.2167;3671
1;AT;;;;;;15.15;48.2167;3672
1;AT;;;;;;15.0667;48.1833;3680
1;AT;;;;;;14.9833;48.2167;3691
1;AT;;;;;;15.9833;48.4667;3701
1;AT;;;;;;16.0333;48.45;3702
1;AT;;;;;;15.9333;48.5;3704
1;AT;;;;;;15.9167;48.5167;3710
1;AT;;;;;;15.8794;48.5306;3711
1;AT;;;;;;15.8167;48.5667;3712
1;AT;;;;;;15.9333;48.5833;3714
1;AT;;;;;;15.85;48.55;3720
1;AT;;;;;;15.85;48.6;3722
1;AT;;;;;;15.8167;48.6333;3730
1;AT;;;;;;15.85;48.7;3741
1;AT;;;;;;15.7833;48.7333;3742
1;AT;;;;;;15.8667;48.65;3743
1;AT;;;;;;12.8833;47.3;3744
1;AT;;;;;;15.75;48.6833;3751
1;AT;;;;;;15.7167;48.7167;3752
1;AT;;;;;;15.55;48.7333;3754
1;AT;;;;;;15.5167;48.7167;3761
1;AT;;;;;;15.4833;48.7667;3762
1;AT;;;;;;15.5667;48.7833;3763
1;AT;;;;;;15.4;48.7167;3800
1;AT;;;;;;15.3167;48.6833;3804
1;AT;;;;;;15.4;48.75;3811
1;AT;;;;;;15.15;48.4667;3813
1;AT;;;;;;15.5;48.85;3820
1;AT;;;;;;15.4667;48.9;3823
1;AT;;;;;;15.2833;48.8167;3830
1;AT;;;;;;15.1833;48.8333;3834
1;AT;;;;;;15.2833;48.7667;3841
1;AT;;;;;;14.3594;47.1347;3842
1;AT;;;;;;14.3981;46.9231;3843
1;AT;;;;;;15.35;48.9333;3844
1;AT;;;;;;15.2333;48.9167;3851
1;AT;;;;;;15.2167;48.8833;3852
1;AT;;;;;;15.1167;48.8667;3860
1;AT;;;;;;15.1333;48.9;3861
1;AT;;;;;;15.1;48.9;3862
1;AT;;;;;;15.1333;48.9667;3863
1;AT;;;;;;15.05;48.9333;3874
1;AT;;;;;;15.2167;48.7167;3903
1;AT;;;;;;15.0667;48.5167;3911
1;AT;;;;;;15.1833;48.4667;3921
1;AT;;;;;;15.0333;48.6333;3923
1;AT;;;;;;14.95;48.4833;3925
1;AT;;;;;;15.0667;48.6667;3931
1;AT;;;;;;15.9833;47.35;3932
1;AT;;;;;;13.6167;46.9667;3944
1;AT;;;;;;14.8833;48.7;3970
1;AT;;;;;;14.75;48.5833;3973
1;AT;;;;;;14.286111111;48.3063888888;4020
1;AT;;;;;;14.286111111;48.3063888888;4021
1;AT;;;;;;14.286111111;48.3063888888;4022
1;AT;;;;;;14.286111111;48.3063888888;4023
1;AT;;;;;;14.286111111;48.3063888888;4024
1;AT;;;;;;14.286111111;48.3063888888;4025
1;AT;;;;;;14.286111111;48.3063888888;4026
1;AT;;;;;;14.286111111;48.3063888888;4027
1;AT;;;;;;14.286111111;48.3063888888;4028
1;AT;;;;;;14.286111111;48.3063888888;4029
1;AT;;;;;;14.286111111;48.3063888888;4030
1;AT;;;;;;14.286111111;48.3063888888;4031
1;AT;;;;;;14.286111111;48.3063888888;4032
1;AT;;;;;;14.286111111;48.3063888888;4033
1;AT;;;;;;14.286111111;48.3063888888;4034
1;AT;;;;;;14.286111111;48.3063888888;4035
1;AT;;;;;;14.286111111;48.3063888888;4036
1;AT;;;;;;14.286111111;48.3063888888;4037
1;AT;;;;;;14.286111111;48.3063888888;4038
1;AT;;;;;;14.286111111;48.3063888888;4039
1;AT;;;;;;14.286111111;48.3063888888;4040
1;AT;;;;;;14.286111111;48.3063888888;4041
1;AT;;;;;;14.286111111;48.3063888888;4042
1;AT;;;;;;14.286111111;48.3063888888;4043
1;AT;;;;;;14.286111111;48.3063888888;4044
1;AT;;;;;;14.286111111;48.3063888888;4045
1;AT;;;;;;14.286111111;48.3063888888;4046
1;AT;;;;;;14.2333;48.3167;4048
1;AT;;;;;;13.6833;47.55;4050
1;AT;;;;;;13.0494;47.965;4052
1;AT;;;;;;14.1833;48.1833;4055
1;AT;;;;;;14.25;48.2667;4059
1;AT;;;;;;14.25;48.2667;4060
1;AT;;;;;;14.2;48.25;4061
1;AT;;;;;;14.1667;48.25;4062
1;AT;;;;;;14.1833;48.2333;4063
1;AT;;;;;;14.1333;48.2333;4064
1;AT;;;;;;14.2;48.25;4066
1;AT;;;;;;14.25;48.2667;4069
1;AT;;;;;;14.0167;48.3167;4070
1;AT;;;;;;14.1;48.2833;4072
1;AT;;;;;;14.2;48.3167;4073
1;AT;;;;;;13.95;48.3333;4074
1;AT;;;;;;13.9667;48.25;4075
1;AT;;;;;;14.0333;48.3667;4082
1;AT;;;;;;13.9167;48.4;4083
1;AT;;;;;;13.8167;48.45;4085
1;AT;;;;;;13.7333;48.5167;4090
1;AT;;;;;;13.6667;48.5333;4091
1;AT;;;;;;13.6;48.5331;4092
1;AT;;;;;;14.1833;48.3333;4100
1;AT;;;;;;14.05;48.35;4101
1;AT;;;;;;14.1667;48.35;4111
1;AT;;;;;;14.1333;48.3667;4112
1;AT;;;;;;13.9833;48.45;4115
1;AT;;;;;;14;48.4833;4120
1;AT;;;;;;13.9667;48.4833;4121
1;AT;;;;;;14;48.5333;4122
1;AT;;;;;;13.9167;48.45;4131
1;AT;;;;;;13.8833;48.4833;4132
1;AT;;;;;;13.8833;48.4667;4133
1;AT;;;;;;13.8833;48.5167;4134
1;AT;;;;;;13.8;48.4833;4142
1;AT;;;;;;13.7667;48.55;4144
1;AT;;;;;;13.95;48.5333;4150
1;AT;;;;;;13.9;48.55;4152
1;AT;;;;;;13.8833;48.6167;4153
1;AT;;;;;;13.8333;48.6;4154
1;AT;;;;;;13.9667;48.6333;4160
1;AT;;;;;;14.0333;48.5833;4170
1;AT;;;;;;14.0833;48.45;4174
1;AT;;;;;;14.1167;48.4333;4175
1;AT;;;;;;14.2667;48.4667;4180
1;AT;;;;;;14.1833;48.4667;4182
1;AT;;;;;;14.1333;48.5333;4184
1;AT;;;;;;14.3667;48.5;4192
1;AT;;;;;;14.2167;48.3833;4201
1;AT;;;;;;14.3;48.4333;4202
1;AT;;;;;;14.3333;48.3667;4203
1;AT;;;;;;14.35;48.45;4204
1;AT;;;;;;14.4167;48.35;4210
1;AT;;;;;;14.4167;48.4;4211
1;AT;;;;;;14.4833;48.4167;4212
1;AT;;;;;;14.3667;48.2833;4221
1;AT;;;;;;14.4756;47.0422;4223
1;AT;;;;;;14.5;48.35;4224
1;AT;;;;;;14.5333;48.35;4230
1;AT;;;;;;14.5;48.3333;4231
1;AT;;;;;;14.5167;48.3667;4232
1;AT;;;;;;14.4167;48.4833;4242
1;AT;;;;;;14.5333;47.7333;4251
1;AT;;;;;;14.4667;48.55;4261
1;AT;;;;;;14.5;48.6167;4262
1;AT;;;;;;14.55;48.5833;4263
1;AT;;;;;;14.7167;48.4667;4272
1;AT;;;;;;14.7333;48.3833;4274
1;AT;;;;;;14.8333;48.4;4280
1;AT;;;;;;14.8;48.35;4281
1;AT;;;;;;14.75;48.35;4282
1;AT;;;;;;14.6167;48.3333;4284
1;AT;;;;;;14.5333;48.4667;4291
1;AT;;;;;;14.5333;48.4333;4292
1;AT;;;;;;14.6;48.4;4293
1;AT;;;;;;14.5167;48.2333;4310
1;AT;;;;;;14.5833;48.2667;4311
1;AT;;;;;;14.5167;48.2667;4312
1;AT;;;;;;14.6333;48.25;4320
1;AT;;;;;;14.6667;48.2833;4322
1;AT;;;;;;14.7;48.2667;4323
1;AT;;;;;;14.6;48.2167;4331
1;AT;;;;;;13.4667;48.05;4341
1;AT;;;;;;14.7333;48.2;4342
1;AT;;;;;;14.7;48.1833;4343
1;AT;;;;;;14.7833;48.2;4351
1;AT;;;;;;14.85;48.2167;4360
1;AT;;;;;;14.8167;48.3167;4363
1;AT;;;;;;14.8833;48.3;4371
1;AT;;;;;;14.9667;48.2167;4382
1;AT;;;;;;14.9333;48.2667;4391
1;AT;;;;;;14.9667;48.3167;4392
1;AT;;;;;;14.4167;48.0333;4400
1;AT;;;;;;14.4167;48.0333;4402
1;AT;;;;;;14.4167;48.0333;4403
1;AT;;;;;;14.4167;48.0333;4404
1;AT;;;;;;14.4167;48.0333;4406
1;AT;;;;;;14.3833;48.0333;4411
1;AT;;;;;;14.3333;48;4421
1;AT;;;;;;14.45;48.0667;4431
1;AT;;;;;;14.4833;48.0167;4441
1;AT;;;;;;14.4833;48;4442
1;AT;;;;;;14.6;47.9333;4443
1;AT;;;;;;14.3333;47.7167;4451
1;AT;;;;;;14.35;47.9333;4452
1;AT;;;;;;14.4333;47.9167;4460
1;AT;;;;;;14.6333;47.7167;4461
1;AT;;;;;;14.45;47.8833;4462
1;AT;;;;;;14.6333;47.8167;4464
1;AT;;;;;;14.4667;48.2;4470
1;AT;;;;;;14.4167;48.15;4483
1;AT;;;;;;14.45;48.1333;4484
1;AT;;;;;;14.3333;48.15;4491
1;AT;;;;;;14.3667;48.1333;4492
1;AT;;;;;;14.3667;48.0833;4493
1;AT;;;;;;14.2167;48.1333;4501
1;AT;;;;;;14.1667;48.15;4511
1;AT;;;;;;14.2667;48.1;4521
1;AT;;;;;;15.9167;47.8;4522
1;AT;;;;;;14.3333;48.05;4523
1;AT;;;;;;14.1833;48.1;4531
1;AT;;;;;;14.1667;48.0667;4532
1;AT;;;;;;14.2;48.0333;4540
1;AT;;;;;;14.2167;47.9833;4541
1;AT;;;;;;14.1333;48.05;4550
1;AT;;;;;;14.0667;48.0167;4551
1;AT;;;;;;14.1167;47.9833;4552
1;AT;;;;;;14.1167;47.9;4560
1;AT;;;;;;14.0167;47.8833;4562
1;AT;;;;;;14.1333;47.8667;4563
1;AT;;;;;;14.15;47.8167;4564
1;AT;;;;;;14.1167;47.8;4571
1;AT;;;;;;14.15;47.6833;4573
1;AT;;;;;;14.2167;47.7;4574
1;AT;;;;;;14.3333;47.7167;4580
1;AT;;;;;;14.3333;47.65;4582
1;AT;;;;;;14.25;47.8833;4591
1;AT;;;;;;14.2167;47.8833;4592
1;AT;;;;;;14.25;47.95;4593
1;AT;;;;;;14.25;47.9833;4595
1;AT;;;;;;14.0333;48.1667;4600
1;AT;;;;;;14.0333;48.1667;4601
1;AT;;;;;;14.0333;48.1667;4603
1;AT;;;;;;14.0333;48.1667;4604
1;AT;;;;;;14.0333;48.1667;4605
1;AT;;;;;;14.0333;48.1667;4606
1;AT;;;;;;14.0333;48.15;4609
1;AT;;;;;;14.0167;48.2333;4611
1;AT;;;;;;13.3;47.4333;4612
1;AT;;;;;;14.0667;48.2333;4613
1;AT;;;;;;14.1167;48.1833;4614
1;AT;;;;;;14.1167;48.1;4621
1;AT;;;;;;14.1333;48.1167;4622
1;AT;;;;;;13.95;48.1333;4623
1;AT;;;;;;13.85;48.1333;4624
1;AT;;;;;;13.95;48.2;4631
1;AT;;;;;;13.9;48.1833;4632
1;AT;;;;;;13.8667;48.1667;4633
1;AT;;;;;;14.05;48.0667;4642
1;AT;;;;;;13.95;47.9;4644
1;AT;;;;;;13.95;47.85;4645
1;AT;;;;;;14.3667;47.1167;4650
1;AT;;;;;;13.8667;48.0833;4651
1;AT;;;;;;13.95;48.0833;4652
1;AT;;;;;;13.9;48.0667;4654
1;AT;;;;;;13.9167;48;4655
1;AT;;;;;;14.3667;47.1167;4659
1;AT;;;;;;13.8333;48.0333;4661
1;AT;;;;;;13.8;47.9833;4662
1;AT;;;;;;13.8167;47.9667;4663
1;AT;;;;;;13.8167;48.1;4671
1;AT;;;;;;13.8;48.1167;4672
1;AT;;;;;;13.7667;48.1333;4673
1;AT;;;;;;13.6833;48.1333;4674
1;AT;;;;;;13.75;48.1833;4676
1;AT;;;;;;13.6333;48.1833;4680
1;AT;;;;;;13.6333;48.15;4682
1;AT;;;;;;13.7667;48.05;4690
1;AT;;;;;;13.7833;48.0833;4691
1;AT;;;;;;13.75;48.1;4692
1;AT;;;;;;13.7667;48.0167;4693
1;AT;;;;;;13.7833;47.95;4694
1;AT;;;;;;13.9167;48.2333;4701
1;AT;;;;;;13.95;48.2333;4702
1;AT;;;;;;13.8333;48.2333;4710
1;AT;;;;;;13.8167;48.2833;4712
1;AT;;;;;;13.8167;48.2;4713
1;AT;;;;;;13.8;48.1833;4714
1;AT;;;;;;13.75;48.25;4715
1;AT;;;;;;13.7333;48.2167;4716
1;AT;;;;;;13.7167;48.2667;4720
1;AT;;;;;;13.6833;48.3333;4721
1;AT;;;;;;13.7833;48.3333;4722
1;AT;;;;;;13.75;48.4;4723
1;AT;;;;;;13.7667;48.4;4724
1;AT;;;;;;13.8667;48.3333;4730
1;AT;;;;;;13.9167;48.3167;4731
1;AT;;;;;;13.6167;48.2833;4751
1;AT;;;;;;13.6333;48.3;4752
1;AT;;;;;;13.5667;48.2667;4753
1;AT;;;;;;13.5167;48.25;4754
1;AT;;;;;;13.6167;48.3167;4755
1;AT;;;;;;13.65;48.3833;4761
1;AT;;;;;;13.6;48.4;4771
1;AT;;;;;;13.5167;48.3167;4772
1;AT;;;;;;13.7333;48.1333;4773
1;AT;;;;;;13.5333;48.4;4775
1;AT;;;;;;13.4333;48.45;4780
1;AT;;;;;;13.4333;48.45;4782
1;AT;;;;;;13.4667;48.5;4783
1;AT;;;;;;13.5;48.5333;4784
1;AT;;;;;;13.5;48.5667;4785
1;AT;;;;;;13.5333;48.45;4791
1;AT;;;;;;13.5667;48.4833;4792
1;AT;;;;;;13.65;48.4333;4794
1;AT;;;;;;13.7167;48.0083;4800
1;AT;;;;;;13.7833;47.8333;4801
1;AT;;;;;;13.7667;47.8;4802
1;AT;;;;;;13.95;47.85;4810
1;AT;;;;;;13.7667;47.9167;4812
1;AT;;;;;;13.75;47.9;4813
1;AT;;;;;;13.95;47.85;4819
1;AT;;;;;;13.6167;47.7167;4820
1;AT;;;;;;13.6167;47.6333;4822
1;AT;;;;;;13.5167;47.5667;4824
1;AT;;;;;;13.6167;47.7167;4829
1;AT;;;;;;13.65;47.55;4830
1;AT;;;;;;13.6833;47.55;4831
1;AT;;;;;;13.65;48.0167;4840
1;AT;;;;;;13.6167;48.05;4841
1;AT;;;;;;13.6833;47.9833;4844
1;AT;;;;;;13.7;47.9667;4845
1;AT;;;;;;13.6;48;4850
1;AT;;;;;;13.55;47.9833;4851
1;AT;;;;;;13.5667;47.9;4852
1;AT;;;;;;13.55;47.8167;4853
1;AT;;;;;;13.6;47.95;4862
1;AT;;;;;;13.55;47.8667;4864
1;AT;;;;;;13.4833;48;4870
1;AT;;;;;;13.5;48.0333;4871
1;AT;;;;;;13.5333;48.0333;4872
1;AT;;;;;;13.4833;48.1333;4874
1;AT;;;;;;13.4333;47.8667;4882
1;AT;;;;;;13.4167;47.9833;4890
1;AT;;;;;;13.3833;48;4891
1;AT;;;;;;13.4333;48.0333;4892
1;AT;;;;;;13.3167;47.9;4893
1;AT;;;;;;13.3;47.95;4894
1;AT;;;;;;13.6667;48.1;4902
1;AT;;;;;;13.6167;48.0833;4905
1;AT;;;;;;13.5667;48.15;4906
1;AT;;;;;;13.5;48.2167;4910
1;AT;;;;;;13.5333;48.1833;4921
1;AT;;;;;;13.0342;47.9731;4922
1;AT;;;;;;13.4333;48.1333;4924
1;AT;;;;;;13.35;48.1667;4931
1;AT;;;;;;13.3833;48.2;4932
1;AT;;;;;;13.4333;48.2167;4941
1;AT;;;;;;13.3333;48.25;4942
1;AT;;;;;;13.3;48.2667;4943
1;AT;;;;;;13.2667;48.2333;4951
1;AT;;;;;;13.1833;48.2333;4952
1;AT;;;;;;13.15;48.2667;4962
1;AT;;;;;;13.45;48.25;4971
1;AT;;;;;;13.4667;48.2833;4972
1;AT;;;;;;13.7833;47.9;4974
1;AT;;;;;;13.4333;48.4167;4975
1;AT;;;;;;13.4;48.35;4980
1;AT;;;;;;16.0667;48.2667;4981
1;AT;;;;;;13.3333;48.3167;4982
1;AT;;;;;;13.046184738955;47.804081632654;5010
1;AT;;;;;;13.046184738955;47.804081632654;5012
1;AT;;;;;;13.046184738955;47.804081632654;5014
1;AT;;;;;;13.046184738955;47.804081632654;5015
1;AT;;;;;;13.046184738955;47.804081632654;5016
1;AT;;;;;;13.046184738955;47.804081632654;5017
1;AT;;;;;;13.046184738955;47.804081632654;5020
1;AT;;;;;;13.046184738955;47.804081632654;5022
1;AT;;;;;;13.046184738955;47.804081632654;5024
1;AT;;;;;;13.046184738955;47.804081632654;5027
1;AT;;;;;;13.046184738955;47.804081632654;5032
1;AT;;;;;;13.046184738955;47.804081632654;5033
1;AT;;;;;;12.9833;47.8;5072
1;AT;;;;;;13.0667;47.75;5081
1;AT;;;;;;13.0333;47.7333;5082
1;AT;;;;;;12.6833;47.5833;5090
1;AT;;;;;;12.7167;47.65;5091
1;AT;;;;;;13.0167;47.8833;5102
1;AT;;;;;;12.9333;47.95;5110
1;AT;;;;;;12.9333;47.9833;5111
1;AT;;;;;;12.95;47.9833;5112
1;AT;;;;;;12.8333;48.05;5121
1;AT;;;;;;9.865;47.5178;5122
1;AT;;;;;;12.9167;48.05;5131
1;AT;;;;;;12.9333;48.0833;5132
1;AT;;;;;;12.9333;48.1333;5133
1;AT;;;;;;12.9667;48.1833;5134
1;AT;;;;;;12.9833;48.05;5141
1;AT;;;;;;13;48.0833;5142
1;AT;;;;;;13.05;48.0667;5143
1;AT;;;;;;13;48.1333;5144
1;AT;;;;;;13.05;48.1833;5145
1;AT;;;;;;13.0092;47.9594;5151
1;AT;;;;;;13.0333;48.0167;5152
1;AT;;;;;;13.0667;47.8667;5161
1;AT;;;;;;13.0772;47.9372;5162
1;AT;;;;;;13.1;47.9667;5163
1;AT;;;;;;13.0833;47.9667;5164
1;AT;;;;;;13.0667;47.9833;5165
1;AT;;;;;;13.2333;47.95;5202
1;AT;;;;;;13.25;48.0167;5211
1;AT;;;;;;13.3;48.0167;5212
1;AT;;;;;;13.1833;48.0167;5221
1;AT;;;;;;13.1833;48.0667;5222
1;AT;;;;;;13.15;48.1;5230
1;AT;;;;;;13.1;48.0333;5232
1;AT;;;;;;13.0833;48.1167;5233
1;AT;;;;;;13.2;48.1333;5241
1;AT;;;;;;13.2667;48.1667;5251
1;AT;;;;;;13.1333;48.1833;5270
1;AT;;;;;;13.2167;48.1833;5272
1;AT;;;;;;13.0333;48.2667;5280
1;AT;;;;;;13.0333;48.2667;5283
1;AT;;;;;;13.0333;48.2667;5289
1;AT;;;;;;13.1167;47.8667;5301
1;AT;;;;;;13.1833;47.9;5302
1;AT;;;;;;13.25;47.8333;5303
1;AT;;;;;;13.3833;47.8167;5310
1;AT;;;;;;13.4;47.8333;5311
1;AT;;;;;;13.1667;47.8;5321
1;AT;;;;;;13.2167;47.8167;5322
1;AT;;;;;;13.1833;47.8;5323
1;AT;;;;;;13.2333;47.7667;5324
1;AT;;;;;;13.3;47.8;5330
1;AT;;;;;;15.6;47.45;5350
1;AT;;;;;;13.1;47.6833;5400
1;AT;;;;;;13.1;47.6833;5409
1;AT;;;;;;13.1;47.7;5411
1;AT;;;;;;13.1;47.7167;5412
1;AT;;;;;;13.1333;47.6833;5421
1;AT;;;;;;13.1333;47.6667;5424
1;AT;;;;;;13.15;47.6167;5431
1;AT;;;;;;13.1667;47.6;5440
1;AT;;;;;;13.35;47.55;5441
1;AT;;;;;;13.1833;47.4667;5450
1;AT;;;;;;13.0667;47.45;5451
1;AT;;;;;;13.2;47.45;5452
1;AT;;;;;;13.25;47.4667;5453
1;AT;;;;;;13.2167;47.4167;5500
1;AT;;;;;;13.2167;47.4;5503
1;AT;;;;;;13.112698412677;47.377741819482;5505
1;AT;;;;;;13.3;47.4167;5511
1;AT;;;;;;13.4;47.4833;5523
1;AT;;;;;;13.4333;47.5167;5524
1;AT;;;;;;13.4;47.4;5531
1;AT;;;;;;13.5167;47.4333;5532
1;AT;;;;;;13.4167;47.3833;5541
1;AT;;;;;;13.4;47.3333;5542
1;AT;;;;;;13.45;47.3833;5550
1;AT;;;;;;13.5;47.3;5561
1;AT;;;;;;13.5333;47.25;5562
1;AT;;;;;;13.6;47.1833;5563
1;AT;;;;;;13.75;47.15;5571
1;AT;;;;;;13.8;47.1333;5580
1;AT;;;;;;13.5;47.1167;5583
1;AT;;;;;;13.5;47.15;5584
1;AT;;;;;;13.8333;47.0667;5591
1;AT;;;;;;13.2989;47.3353;5602
1;AT;;;;;;13.3167;47.2833;5603
1;AT;;;;;;13.2333;47.1667;5612
1;AT;;;;;;13.15;47.3167;5620
1;AT;;;;;;13.1;47.1667;5630
1;AT;;;;;;13.1;47.25;5632
1;AT;;;;;;12.5289;46.8556;5645
1;AT;;;;;;13.0667;47.3;5651
1;AT;;;;;;13;47.3667;5652
1;AT;;;;;;12.9667;47.2833;5660
1;AT;;;;;;13;47.2167;5661
1;AT;;;;;;12.8167;47.2833;5671
1;AT;;;;;;12.7833;47.3167;5700
1;AT;;;;;;12.7833;47.3167;5705
1;AT;;;;;;12.7667;47.2667;5710
1;AT;;;;;;12.7167;47.2833;5721
1;AT;;;;;;12.65;47.2833;5722
1;AT;;;;;;12.5167;47.2833;5724
1;AT;;;;;;12.4833;47.2667;5730
1;AT;;;;;;12.4167;47.2667;5731
1;AT;;;;;;12.358730158693;47.270080212886;5733
1;AT;;;;;;12.345238095203;47.275295852608;5733
1;AT;;;;;;12.210582010573;47.274936153317;5733
1;AT;;;;;;12.39735449731;47.288065177446;5733
1;AT;;;;;;12.362433862396;47.289863673902;5733
1;AT;;;;;;12.359788359751;47.280151793039;5733
1;AT;;;;;;12.338677248643;47.272328333455;5733
1;AT;;;;;;12.380952380911;47.282130139141;5733
1;AT;;;;;;12.324074074043;47.25479299301;5733
1;AT;;;;;;12.326719576688;47.257131038402;5733
1;AT;;;;;;12.320899470869;47.250836300806;5733
1;AT;;;;;;12.2833;47.25;5741
1;AT;;;;;;12.2333;47.25;5742
1;AT;;;;;;12.1833;47.2167;5743
1;AT;;;;;;12.8;47.3667;5751
1;AT;;;;;;12.6333;47.3833;5753
1;AT;;;;;;12.5667;47.3667;5754
1;AT;;;;;;12.85;47.4167;5760
1;AT;;;;;;12.9;47.4;5761
1;AT;;;;;;12.75;47.4333;5771
1;AT;;;;;;11.4;47.2667;6010
1;AT;;;;;;11.4;47.2667;6012
1;AT;;;;;;11.4;47.2667;6013
1;AT;;;;;;11.4;47.2667;6014
1;AT;;;;;;11.4;47.2667;6020
1;AT;;;;;;11.4;47.2667;6022
1;AT;;;;;;11.4;47.2667;6023
1;AT;;;;;;11.4;47.2667;6024
1;AT;;;;;;11.4;47.2667;6025
1;AT;;;;;;11.4;47.2667;6026
1;AT;;;;;;11.4;47.2667;6027
1;AT;;;;;;11.4;47.2667;6029
1;AT;;;;;;11.5167;47.2833;6050
1;AT;;;;;;11.5167;47.2833;6060
1;AT;;;;;;11.45;47.2833;6063
1;AT;;;;;;11.45;47.2833;6064
1;AT;;;;;;11.4667;47.3;6065
1;AT;;;;;;11.5;47.3;6067
1;AT;;;;;;10.6667;47.2;6068
1;AT;;;;;;11.45;47.25;6071
1;AT;;;;;;11.45;47.2333;6073
1;AT;;;;;;11.4167;47.2;6082
1;AT;;;;;;11.3167;47.2333;6091
1;AT;;;;;;11.3;47.2333;6094
1;AT;;;;;;11.1833;47.3333;6100
1;AT;;;;;;11.2;47.3;6103
1;AT;;;;;;11.15;47.3667;6105
1;AT;;;;;;11.2833;47.3833;6108
1;AT;;;;;;11.5667;47.2833;6111
1;AT;;;;;;11.6;47.2833;6112
1;AT;;;;;;11.6333;47.2833;6114
1;AT;;;;;;11.5667;47.3;6121
1;AT;;;;;;11.5833;47.3;6122
1;AT;;;;;;11.65;47.3167;6123
1;AT;;;;;;11.7;47.3333;6130
1;AT;;;;;;11.7;47.3333;6131
1;AT;;;;;;11.6667;47.3;6133
1;AT;;;;;;11.6833;47.3333;6134
1;AT;;;;;;11.4167;47.1833;6141
1;AT;;;;;;11.3833;47.1667;6142
1;AT;;;;;;11.45;47.1333;6143
1;AT;;;;;;11.4667;47.0833;6150
1;AT;;;;;;11.4167;47.0833;6152
1;AT;;;;;;11.4833;47.05;6156
1;AT;;;;;;11.3667;47.2333;6161
1;AT;;;;;;11.3833;47.2333;6162
1;AT;;;;;;11.3667;47.1667;6165
1;AT;;;;;;11.35;47.1667;6166
1;AT;;;;;;11.3167;47.1167;6167
1;AT;;;;;;11.2333;47.2833;6170
1;AT;;;;;;11.25;47.2333;6173
1;AT;;;;;;11.2667;47.25;6175
1;AT;;;;;;11.3333;47.25;6176
1;AT;;;;;;11.3333;47.25;6177
1;AT;;;;;;11.2167;47.2167;6181
1;AT;;;;;;11.15;47.2;6182
1;AT;;;;;;11;47.2167;6183
1;AT;;;;;;11.7833;47.4;6200
1;AT;;;;;;13.2167;47.2833;6212
1;AT;;;;;;11.7;47.4333;6213
1;AT;;;;;;11.7;47.5167;6215
1;AT;;;;;;11.8833;47.4167;6230
1;AT;;;;;;11.8667;47.45;6233
1;AT;;;;;;11.8833;47.4833;6234
1;AT;;;;;;11.8833;47.4167;6235
1;AT;;;;;;11.9333;47.3833;6236
1;AT;;;;;;11.9833;47.4667;6250
1;AT;;;;;;11.9667;47.4833;6252
1;AT;;;;;;11.8167;47.3833;6261
1;AT;;;;;;11.8333;47.3667;6262
1;AT;;;;;;11.85;47.35;6263
1;AT;;;;;;11.8667;47.3167;6271
1;AT;;;;;;11.8833;47.2333;6280
1;AT;;;;;;12;47.2167;6281
1;AT;;;;;;11.8667;47.2;6283
1;AT;;;;;;11.8667;47.1667;6290
1;AT;;;;;;11.8333;47.15;6292
1;AT;;;;;;11.75;47.15;6293
1;AT;;;;;;11.6833;47.1167;6294
1;AT;;;;;;11.8;47.1;6295
1;AT;;;;;;12.0667;47.4833;6300
1;AT;;;;;;12.1833;47.5;6306
1;AT;;;;;;12.0833;47.5167;6322
1;AT;;;;;;13.7667;47.45;6330
1;AT;;;;;;13.7667;47.45;6332
1;AT;;;;;;13.7667;47.45;6333
1;AT;;;;;;12.0833;47.5833;6335
1;AT;;;;;;12.2167;47.6333;6341
1;AT;;;;;;12.1833;47.6833;6343
1;AT;;;;;;12.3167;47.65;6344
1;AT;;;;;;12.4;47.6667;6345
1;AT;;;;;;12.25;47.5333;6351
1;AT;;;;;;13.2667;47.35;6352
1;AT;;;;;;12.1667;47.45;6361
1;AT;;;;;;12.25;47.45;6364
1;AT;;;;;;12.3167;47.45;6365
1;AT;;;;;;12.3833;47.45;6370
1;AT;;;;;;12.3833;47.5;6372
1;AT;;;;;;12.4167;47.3;6373
1;AT;;;;;;12.45;47.5667;6382
1;AT;;;;;;12.4667;47.5833;6383
1;AT;;;;;;12.5667;47.5833;6384
1;AT;;;;;;12.55;47.4833;6391
1;AT;;;;;;12.6167;47.4667;6395
1;AT;;;;;;11.1833;47.2833;6401
1;AT;;;;;;11.1167;47.2833;6403
1;AT;;;;;;11.0667;47.3;6410
1;AT;;;;;;10.9833;47.3;6414
1;AT;;;;;;10.9333;47.3;6416
1;AT;;;;;;10.9833;47.2667;6422
1;AT;;;;;;10.95;47.2833;6423
1;AT;;;;;;10.8167;47.2167;6426
1;AT;;;;;;10.8667;47.2;6432
1;AT;;;;;;10.9333;47.1333;6441
1;AT;;;;;;10.9667;47.0667;6444
1;AT;;;;;;11;46.9667;6450
1;AT;;;;;;10.9667;46.9833;6452
1;AT;;;;;;11.0167;46.8667;6456
1;AT;;;;;;10.7333;47.2333;6460
1;AT;;;;;;10.7667;47.2667;6464
1;AT;;;;;;10.8333;47.3167;6465
1;AT;;;;;;10.7667;47.2;6471
1;AT;;;;;;10.7333;47.1667;6473
1;AT;;;;;;10.7333;47.15;6474
1;AT;;;;;;10.65;47.1833;6491
1;AT;;;;;;10.5833;47.15;6511
1;AT;;;;;;10.6667;47.0833;6522
1;AT;;;;;;10.65;47.05;6531
1;AT;;;;;;10.6167;47.05;6533
1;AT;;;;;;10.6;47.0333;6534
1;AT;;;;;;10.6;47.0167;6541
1;AT;;;;;;10.55;46.9667;6542
1;AT;;;;;;10.5167;46.8833;6543
1;AT;;;;;;10.5;47.1333;6551
1;AT;;;;;;10.3833;47.0667;6555
1;AT;;;;;;10.2833;47.0167;6561
1;AT;;;;;;10.1833;46.9667;6563
1;AT;;;;;;10.45;47.1333;6571
1;AT;;;;;;10.4;47.15;6572
1;AT;;;;;;10.5167;47.15;6591
1;AT;;;;;;10.7167;47.4833;6600
1;AT;;;;;;10.75;47.45;6611
1;AT;;;;;;10.7833;47.4167;6621
1;AT;;;;;;10.75;47.4;6622
1;AT;;;;;;10.8833;47.4;6631
1;AT;;;;;;10.9167;47.4;6632
1;AT;;;;;;10.9;47.3833;6633
1;AT;;;;;;10.5667;47.3833;6642
1;AT;;;;;;10.5333;47.3333;6644
1;AT;;;;;;10.5;47.3167;6651
1;AT;;;;;;10.4333;47.3;6652
1;AT;;;;;;10.1989;47.2642;6654
1;AT;;;;;;10.6167;47.4833;6672
1;AT;;;;;;10.55;47.5;6673
1;AT;;;;;;10.45;47.5167;6677
1;AT;;;;;;10.6333;47.55;6682
1;AT;;;;;;9.81667;47.1497;6700
1;AT;;;;;;9.8;47.1497;6706
1;AT;;;;;;9.7;47.1831;6710
1;AT;;;;;;9.76667;47.2;6712
1;AT;;;;;;9.78306;47.2;6713
1;AT;;;;;;9.8;47.1667;6714
1;AT;;;;;;9.73306;47.2;6719
1;AT;;;;;;9.78306;47.2167;6721
1;AT;;;;;;9.91667;47.2333;6731
1;AT;;;;;;9.83306;47.2167;6741
1;AT;;;;;;9.9;47.15;6751
1;AT;;;;;;9.98333;47.1167;6752
1;AT;;;;;;13.9183;46.7264;6754
1;AT;;;;;;10.1667;47.1667;6763
1;AT;;;;;;10.15;47.2;6764
1;AT;;;;;;9.86667;47.0833;6773
1;AT;;;;;;9.9;47.0833;6774
1;AT;;;;;;9.91667;47.0667;6780
1;AT;;;;;;9.93333;46.9667;6787
1;AT;;;;;;10.0333;46.9833;6793
1;AT;;;;;;10.05;46.9667;6794
1;AT;;;;;;9.6;47.2331;6800
1;AT;;;;;;9.6;47.2331;6803
1;AT;;;;;;9.63306;47.2331;6811
1;AT;;;;;;9.63306;47.2167;6820
1;AT;;;;;;9.66667;47.2167;6822
1;AT;;;;;;9.7;47.2;6824
1;AT;;;;;;9.65;47.2831;6830
1;AT;;;;;;9.63306;47.3331;6840
1;AT;;;;;;9.61667;47.35;6841
1;AT;;;;;;9.6;47.3331;6842
1;AT;;;;;;9.65;47.35;6844
1;AT;;;;;;9.68306;47.3667;6845
1;AT;;;;;;9.73306;47.4167;6850
1;AT;;;;;;9.81667;47.45;6861
1;AT;;;;;;9.88333;47.4167;6866
1;AT;;;;;;9.90167;47.385;6870
1;AT;;;;;;9.92333;47.3689;6874
1;AT;;;;;;9.88333;47.35;6881
1;AT;;;;;;9.95;47.35;6882
1;AT;;;;;;9.88333;47.2833;6884
1;AT;;;;;;10.0175;47.3133;6886
1;AT;;;;;;10.0833;47.25;6888
1;AT;;;;;;9.65;47.4331;6890
1;AT;;;;;;9.76667;47.5;6900
1;AT;;;;;;9.75;47.55;6912
1;AT;;;;;;9.78333;47.5833;6914
1;AT;;;;;;9.76667;47.4831;6921
1;AT;;;;;;9.75;47.4667;6922
1;AT;;;;;;9.73306;47.4831;6923
1;AT;;;;;;9.87972;47.4928;6933
1;AT;;;;;;9.9;47.4667;6941
1;AT;;;;;;9.96667;47.5;6943
1;AT;;;;;;9.95;47.45;6952
1;AT;;;;;;9.66667;47.4831;6972
1;AT;;;;;;9.6;47.4667;6974
1;AT;;;;;;16.5167;47.85;7000
1;AT;;;;;;16.55;47.7833;7011
1;AT;;;;;;16.55;47.75;7013
1;AT;;;;;;16.5;47.7167;7022
1;AT;;;;;;16.45;47.75;7023
1;AT;;;;;;16.4167;47.7833;7031
1;AT;;;;;;16.3833;47.8;7033
1;AT;;;;;;16.4;47.8167;7034
1;AT;;;;;;16.5;47.8;7041
1;AT;;;;;;16.45;47.8333;7052
1;AT;;;;;;16.55;47.8;7061
1;AT;;;;;;16.6667;47.8333;7063
1;AT;;;;;;16.6167;47.8333;7064
1;AT;;;;;;16.6667;47.75;7072
1;AT;;;;;;16.6167;47.85;7081
1;AT;;;;;;16.6333;47.9;7082
1;AT;;;;;;16.75;47.95;7092
1;AT;;;;;;16.7833;47.95;7093
1;AT;;;;;;16.8333;47.9333;7100
1;AT;;;;;;16.85;47.9833;7111
1;AT;;;;;;16.8667;47.9167;7121
1;AT;;;;;;16.9333;47.8667;7123
1;AT;;;;;;16.9667;47.8667;7131
1;AT;;;;;;16.9167;47.8333;7132
1;AT;;;;;;16.8333;47.85;7141
1;AT;;;;;;16.8;47.75;7142
1;AT;;;;;;16.8333;47.75;7143
1;AT;;;;;;16.9333;47.7167;7151
1;AT;;;;;;16.9167;47.7;7152
1;AT;;;;;;16.9833;47.7667;7162
1;AT;;;;;;17.0333;47.7667;7163
1;AT;;;;;;16.4;47.7333;7210
1;AT;;;;;;16.3333;47.7;7212
1;AT;;;;;;11.8833;47.3;7221
1;AT;;;;;;16.4167;47.7167;7222
1;AT;;;;;;16.3667;47.65;7223
1;AT;;;;;;16.6333;47.6;7301
1;AT;;;;;;16.6667;47.5333;7302
1;AT;;;;;;16.55;47.6;7311
1;AT;;;;;;16.55;47.5833;7312
1;AT;;;;;;16.5;47.5833;7321
1;AT;;;;;;16.4667;47.5833;7322
1;AT;;;;;;16.4333;47.5833;7331
1;AT;;;;;;16.4;47.6;7332
1;AT;;;;;;16.4;47.5333;7342
1;AT;;;;;;16.4333;47.5333;7343
1;AT;;;;;;16.4667;47.5167;7344
1;AT;;;;;;16.5167;47.5;7350
1;AT;;;;;;16.6333;47.4667;7361
1;AT;;;;;;16.3667;47.45;7371
1;AT;;;;;;16.2;47.2833;7400
1;AT;;;;;;16.0833;47.2833;7411
1;AT;;;;;;13.25;47.1667;7412
1;AT;;;;;;16.1333;47.35;7422
1;AT;;;;;;16.1167;47.3667;7423
1;AT;;;;;;16.2167;47.3333;7431
1;AT;;;;;;16.2;47.35;7432
1;AT;;;;;;16.2167;47.3667;7433
1;AT;;;;;;16.3167;47.3833;7435
1;AT;;;;;;16.35;47.4333;7441
1;AT;;;;;;16.5167;47.4167;7444
1;AT;;;;;;16.5;47.45;7451
1;AT;;;;;;16.5333;47.4667;7452
1;AT;;;;;;16.2833;47.3167;7461
1;AT;;;;;;16.35;47.3;7463
1;AT;;;;;;16.4;47.3;7464
1;AT;;;;;;16.45;47.3;7471
1;AT;;;;;;16.4333;47.2667;7472
1;AT;;;;;;16.3833;47.2333;7473
1;AT;;;;;;16.25;47.25;7501
1;AT;;;;;;16.3167;47.1833;7511
1;AT;;;;;;16.35;47.1667;7512
1;AT;;;;;;16.4667;47.1;7521
1;AT;;;;;;16.4167;47.05;7522
1;AT;;;;;;13.8;47.15;7532
1;AT;;;;;;16.1667;47.1833;7533
1;AT;;;;;;16.2;47.1833;7534
1;AT;;;;;;16.3333;47.0667;7540
1;AT;;;;;;16.25;47.0667;7542
1;AT;;;;;;16.2167;47.0667;7543
1;AT;;;;;;16.1667;47.1667;7551
1;AT;;;;;;16.1167;47.2;7552
1;AT;;;;;;16.2608;46.9892;7561
1;AT;;;;;;16.2;47;7562
1;AT;;;;;;16.1;47.0833;7572
1;AT;;;;;;15.45;47.0667;8010
1;AT;;;;;;15.45;47.0667;8012
1;AT;;;;;;15.45;47.0667;8013
1;AT;;;;;;15.45;47.0667;8015
1;AT;;;;;;15.45;47.0667;8016
1;AT;;;;;;15.45;47.0667;8017
1;AT;;;;;;15.45;47.0667;8018
1;AT;;;;;;15.45;47.0667;8019
1;AT;;;;;;15.45;47.0667;8020
1;AT;;;;;;15.45;47.0667;8022
1;AT;;;;;;15.45;47.0667;8023
1;AT;;;;;;15.45;47.0667;8024
1;AT;;;;;;15.45;47.0667;8025
1;AT;;;;;;15.45;47.0667;8026
1;AT;;;;;;15.45;47.0667;8027
1;AT;;;;;;15.45;47.0667;8028
1;AT;;;;;;15.45;47.0667;8029
1;AT;;;;;;15.45;47.0667;8035
1;AT;;;;;;15.45;47.0667;8036
1;AT;;;;;;15.45;47.0667;8056
1;AT;;;;;;15.5333;47.15;8062
1;AT;;;;;;15.5833;47.1167;8063
1;AT;;;;;;15.5114;46.9911;8071
1;AT;;;;;;15.45;47.0167;8073
1;AT;;;;;;15.5;47.0333;8074
1;AT;;;;;;15.5881;46.9558;8081
1;AT;;;;;;15.6619;46.9317;8082
1;AT;;;;;;15.7381;46.8536;8091
1;AT;;;;;;15.7111;46.8058;8092
1;AT;;;;;;15.35;47.1333;8101
1;AT;;;;;;15.4;47.2167;8102
1;AT;;;;;;15.2833;47.1333;8103
1;AT;;;;;;15.3167;47.1167;8112
1;AT;;;;;;15.35;47.2;8120
1;AT;;;;;;15.3333;47.1833;8121
1;AT;;;;;;15.2667;47.2167;8122
1;AT;;;;;;15.3333;47.2;8124
1;AT;;;;;;15.3167;47.2667;8130
1;AT;;;;;;15.3667;47.3167;8131
1;AT;;;;;;15.3333;47.35;8132
1;AT;;;;;;15.4042;46.9647;8141
1;AT;;;;;;15.4511;46.9264;8142
1;AT;;;;;;15.3667;46.95;8143
1;AT;;;;;;15.3756;46.9456;8144
1;AT;;;;;;15.3;47.0333;8151
1;AT;;;;;;13.9772;46.6356;8152
1;AT;;;;;;15.1667;47.1667;8153
1;AT;;;;;;15.6167;47.2167;8160
1;AT;;;;;;15.5167;47.2833;8162
1;AT;;;;;;15.6167;47.3333;8172
1;AT;;;;;;15.7167;47.2167;8182
1;AT;;;;;;15.75;47.2667;8183
1;AT;;;;;;15.6833;47.35;8190
1;AT;;;;;;15.6833;47.3167;8191
1;AT;;;;;;15.7167;47.4;8192
1;AT;;;;;;15.7167;47.1;8200
1;AT;;;;;;15.8;47.1667;8212
1;AT;;;;;;15.8167;47.1833;8221
1;AT;;;;;;15.974516666666;47.284866666666;8230
1;AT;;;;;;16;47.35;8232
1;AT;;;;;;16.0167;47.3667;8233
1;AT;;;;;;16;47.3833;8234
1;AT;;;;;;16.05;47.4333;8240
1;AT;;;;;;16.0167;47.4167;8241
1;AT;;;;;;16.0667;47.4333;8243
1;AT;;;;;;16.1;47.4667;8244
1;AT;;;;;;15.8833;47.4;8250
1;AT;;;;;;15.9167;47.45;8251
1;AT;;;;;;15.8667;47.45;8252
1;AT;;;;;;13.9167;47.3333;8253
1;AT;;;;;;15.7833;47.4167;8254
1;AT;;;;;;15.8167;47.1;8261
1;AT;;;;;;16;47.05;8262
1;AT;;;;;;15.9333;47.1167;8264
1;AT;;;;;;15.9833;47.2;8272
1;AT;;;;;;16;47.2333;8274
1;AT;;;;;;16.0833;47.05;8280
1;AT;;;;;;16.1;47;8282
1;AT;;;;;;16.05;47.1167;8283
1;AT;;;;;;16.0833;47.1333;8291
1;AT;;;;;;14.8333;46.8333;8292
1;AT;;;;;;16.0667;47.2;8293
1;AT;;;;;;15.6;47.0667;8302
1;AT;;;;;;15.95;47.0333;8313
1;AT;;;;;;15.7542;47.0058;8322
1;AT;;;;;;15.7669;46.9858;8324
1;AT;;;;;;15.8883;46.9531;8330
1;AT;;;;;;15.8369;46.9894;8332
1;AT;;;;;;15.9433;46.9586;8334
1;AT;;;;;;15.7958;46.9422;8341
1;AT;;;;;;15.8253;46.8731;8342
1;AT;;;;;;15.8833;46.8667;8343
1;AT;;;;;;15.9086;46.8756;8344
1;AT;;;;;;15.8681;46.8092;8345
1;AT;;;;;;16.0081;46.94;8350
1;AT;;;;;;14.0167;46.85;8352
1;AT;;;;;;15.9717;46.8861;8353
1;AT;;;;;;15.9422;46.7861;8355
1;AT;;;;;;15.9956;46.9811;8361
1;AT;;;;;;16.0167;47.0333;8362
1;AT;;;;;;16.1467;46.9392;8380
1;AT;;;;;;16.2322;46.9492;8382
1;AT;;;;;;16.0333;46.8667;8385
1;AT;;;;;;15.4803;46.9653;8401
1;AT;;;;;;15.4908;46.9242;8402
1;AT;;;;;;15.5383;46.8522;8403
1;AT;;;;;;15.5167;46.8833;8410
1;AT;;;;;;15.4333;46.8667;8411
1;AT;;;;;;15.5544;46.9142;8412
1;AT;;;;;;15.6589;46.8439;8421
1;AT;;;;;;15.5417;46.7817;8430
1;AT;;;;;;15.55;46.75;8435
1;AT;;;;;;15.4475;46.7586;8441
1;AT;;;;;;15.4333;46.7667;8442
1;AT;;;;;;15.3697;46.7536;8443
1;AT;;;;;;15.4833;46.75;8451
1;AT;;;;;;15.4444;46.7361;8452
1;AT;;;;;;15.4031;46.6764;8454
1;AT;;;;;;15.3361;46.6858;8455
1;AT;;;;;;15.5867;46.7242;8461
1;AT;;;;;;15.5533;46.7203;8462
1;AT;;;;;;15.4689;46.6672;8463
1;AT;;;;;;15.6372;46.7056;8471
1;AT;;;;;;15.6244;46.7272;8472
1;AT;;;;;;15.7167;46.7;8473
1;AT;;;;;;15.7747;46.7081;8480
1;AT;;;;;;15.7211;46.7536;8481
1;AT;;;;;;15.7925;46.7278;8482
1;AT;;;;;;15.8294;46.7508;8483
1;AT;;;;;;15.9078;46.7339;8484
1;AT;;;;;;15.9881;46.6881;8490
1;AT;;;;;;15.9467;46.7219;8492
1;AT;;;;;;15.9656;46.7647;8493
1;AT;;;;;;15.3375;46.9742;8501
1;AT;;;;;;15.3372;46.9461;8502
1;AT;;;;;;15.4097;46.8586;8504
1;AT;;;;;;15.8922;46.8244;8510
1;AT;;;;;;15.3872;46.8306;8521
1;AT;;;;;;15.2247;46.8711;8524
1;AT;;;;;;15.2222;46.8153;8530
1;AT;;;;;;15.2083;46.7583;8541
1;AT;;;;;;15.2472;46.6867;8552
1;AT;;;;;;15.0783;46.6814;8554
1;AT;;;;;;15.2789;46.9817;8562
1;AT;;;;;;15.2108;46.9939;8563
1;AT;;;;;;15.15;47.0333;8570
1;AT;;;;;;16.05;46.9833;8572
1;AT;;;;;;15.0833;47.1333;8573
1;AT;;;;;;13.8667;46.85;8580
1;AT;;;;;;15.1;47.0333;8582
1;AT;;;;;;15.05;47.0167;8583
1;AT;;;;;;14.9167;47.0167;8584
1;AT;;;;;;15.0667;47.05;8591
1;AT;;;;;;14.9667;47.1;8592
1;AT;;;;;;15.2833;47.4167;8600
1;AT;;;;;;15.2833;47.4167;8601
1;AT;;;;;;15.3;47.4333;8605
1;AT;;;;;;15.3;47.4333;8607
1;AT;;;;;;15.5667;47.3833;8616
1;AT;;;;;;15.2333;47.5333;8623
1;AT;;;;;;15.3333;47.55;8625
1;AT;;;;;;15.3167;47.7667;8630
1;AT;;;;;;15.3;47.65;8635
1;AT;;;;;;15.2667;47.6167;8636
1;AT;;;;;;15.4;47.4667;8643
1;AT;;;;;;15.3833;47.4833;8644
1;AT;;;;;;15.45;47.5;8650
1;AT;;;;;;15.5;47.4667;8653
1;AT;;;;;;10.9667;47.0667;8654
1;AT;;;;;;15.5;47.5167;8661
1;AT;;;;;;15.5167;47.5333;8662
1;AT;;;;;;15.6167;47.5667;8665
1;AT;;;;;;15.55;47.5333;8670
1;AT;;;;;;14.4447;46.9931;8671
1;AT;;;;;;15.7167;47.4833;8673
1;AT;;;;;;15.7833;47.5333;8674
1;AT;;;;;;15.6833;47.6;8680
1;AT;;;;;;15.75;47.6;8684
1;AT;;;;;;15.8;47.6167;8685
1;AT;;;;;;15.5667;47.6667;8692
1;AT;;;;;;15.4833;47.6667;8693
1;AT;;;;;;15.4833;47.75;8694
1;AT;;;;;;13.6089;46.9406;8700
1;AT;;;;;;13.6089;46.9406;8701
1;AT;;;;;;13.6089;46.9406;8703
1;AT;;;;;;13.6089;46.9406;8704
1;AT;;;;;;13.6089;46.9406;8706
1;AT;;;;;;13.6089;46.9406;8707
1;AT;;;;;;15.15;47.3833;8712
1;AT;;;;;;14.9333;47.3;8714
1;AT;;;;;;14.8167;47.2167;8720
1;AT;;;;;;14.8167;47.2167;8722
1;AT;;;;;;14.7833;47.2167;8724
1;AT;;;;;;14.7;47.2667;8731
1;AT;;;;;;14.7833;47.2667;8732
1;AT;;;;;;14.8;47.1833;8734
1;AT;;;;;;14.75;47.1833;8740
1;AT;;;;;;14.7333;47.15;8741
1;AT;;;;;;14.6833;47.0667;8742
1;AT;;;;;;14.6667;47.1667;8750
1;AT;;;;;;14.6833;47.2;8753
1;AT;;;;;;15.4;46.8833;8761
1;AT;;;;;;14.4833;47.25;8762
1;AT;;;;;;14.4839;47.2761;8763
1;AT;;;;;;14.3756;47.3061;8764
1;AT;;;;;;14.95;47.3667;8772
1;AT;;;;;;14.9;47.3833;8773
1;AT;;;;;;14.8333;47.4;8774
1;AT;;;;;;14.75;47.4167;8775
1;AT;;;;;;14.6667;47.45;8781
1;AT;;;;;;14.5833;47.4667;8782
1;AT;;;;;;14.4833;47.4833;8784
1;AT;;;;;;14.4833;47.4333;8785
1;AT;;;;;;14.3617138888889;47.5275888888889;8786
1;AT;;;;;;14.8833;47.5333;8790
1;AT;;;;;;15;47.4167;8793
1;AT;;;;;;15;47.4667;8794
1;AT;;;;;;14.7;47.5167;8795
1;AT;;;;;;14.45;47.2;8800
1;AT;;;;;;14.4322;46.7806;8811
1;AT;;;;;;14.4;47.1;8812
1;AT;;;;;;14.4228;47.0708;8820
1;AT;;;;;;14.5;47.0333;8822
1;AT;;;;;;14.3667;47.15;8831
1;AT;;;;;;14.2667;47.2;8832
1;AT;;;;;;15.2167;46.9;8833
1;AT;;;;;;14.3086;47.1308;8841
1;AT;;;;;;14.2833;47.1333;8842
1;AT;;;;;;14.1;47.1833;8844
1;AT;;;;;;14.1667;47.1;8850
1;AT;;;;;;14.1992;47.1214;8852
1;AT;;;;;;14.0833;47.15;8853
1;AT;;;;;;14.0167;47.1667;8854
1;AT;;;;;;13.9667;47.0833;8862
1;AT;;;;;;13.9167;47.0667;8863
1;AT;;;;;;13.8878;46.9608;8864
1;AT;;;;;;14.3333;47.55;8900
1;AT;;;;;;14.35;47.5833;8904
1;AT;;;;;;14.45;47.5667;8911
1;AT;;;;;;14.6333;47.6;8913
1;AT;;;;;;14.7333;47.6;8920
1;AT;;;;;;14.7667;47.6333;8921
1;AT;;;;;;14.7833;47.6667;8922
1;AT;;;;;;14.8;47.7;8923
1;AT;;;;;;14.9833;47.65;8924
1;AT;;;;;;14.2333;47.5667;8940
1;AT;;;;;;14.15;47.55;8942
1;AT;;;;;;14.1333;47.5167;8943
1;AT;;;;;;14.1;47.5333;8950
1;AT;;;;;;14.0833;47.5167;8951
1;AT;;;;;;14.0833;47.5;8952
1;AT;;;;;;14.1297;47.4614;8953
1;AT;;;;;;13.9833;47.45;8960
1;AT;;;;;;13.9333;47.4333;8961
1;AT;;;;;;13.9;47.4333;8962
1;AT;;;;;;13.8667;47.4167;8965
1;AT;;;;;;13.6833;47.3833;8970
1;AT;;;;;;13.6333;47.4167;8972
1;AT;;;;;;14;47.55;8982
1;AT;;;;;;13.7833;47.6;8990
1;AT;;;;;;13.7667;47.6333;8992
1;AT;;;;;;13.8167;47.6167;8993
1;AT;;;;;;14.3053;46.6247;9010
1;AT;;;;;;14.3053;46.6247;9013
1;AT;;;;;;14.3053;46.6247;9020
1;AT;;;;;;14.3053;46.6247;9022
1;AT;;;;;;14.3053;46.6247;9023
1;AT;;;;;;14.3053;46.6247;9024
1;AT;;;;;;14.3053;46.6247;9025
1;AT;;;;;;14.3053;46.6247;9026
1;AT;;;;;;14.3053;46.6247;9027
1;AT;;;;;;14.3053;46.6247;9028
1;AT;;;;;;14.3053;46.6247;9029
1;AT;;;;;;14.1747;46.6575;9062
1;AT;;;;;;14.3486;46.6808;9063
1;AT;;;;;;14.2339;46.5614;9071
1;AT;;;;;;14.1333;46.5333;9072
1;AT;;;;;;14.1889;46.5931;9074
1;AT;;;;;;14.1817;46.6072;9081
1;AT;;;;;;14.1631;46.6164;9082
1;AT;;;;;;14.6344;46.6622;9100
1;AT;;;;;;14.5853;46.6983;9102
1;AT;;;;;;14.6;46.75;9103
1;AT;;;;;;14.75;46.75;9104
1;AT;;;;;;14.6725;46.695;9111
1;AT;;;;;;14.7328;46.7044;9112
1;AT;;;;;;14.7764;46.6583;9113
1;AT;;;;;;14.5333;46.6333;9121
1;AT;;;;;;14.6;46.6;9124
1;AT;;;;;;14.6364;46.6219;9125
1;AT;;;;;;14.4667;46.6;9131
1;AT;;;;;;14.5167;46.55;9132
1;AT;;;;;;14.5981;46.5367;9133
1;AT;;;;;;14.5961;46.4864;9135
1;AT;;;;;;14.6436;46.5914;9141
1;AT;;;;;;14.7028;46.5569;9142
1;AT;;;;;;14.7989;46.59;9150
1;AT;;;;;;14.2956;46.5539;9161
1;AT;;;;;;14.25;46.5333;9162
1;AT;;;;;;14.3019;46.5269;9170
1;AT;;;;;;14.1667;46.5167;9181
1;AT;;;;;;14.0333;46.5333;9183
1;AT;;;;;;14.2167;46.6333;9201
1;AT;;;;;;14.0167;46.65;9231
1;AT;;;;;;14.0333;46.5833;9232
1;AT;;;;;;13.9333;46.6167;9241
1;AT;;;;;;14.3686;46.8131;9311
1;AT;;;;;;14.3978;46.8397;9312
1;AT;;;;;;14.4519;46.7706;9314
1;AT;;;;;;14.4864;46.8386;9321
1;AT;;;;;;14.4;47.0167;9323
1;AT;;;;;;14.5;46.8833;9334
1;AT;;;;;;14.5833;46.9167;9335
1;AT;;;;;;14.5236;46.6064;9342
1;AT;;;;;;14.2333;46.8667;9343
1;AT;;;;;;15.1;46.8333;9344
1;AT;;;;;;14.1333;46.85;9345
1;AT;;;;;;14.1167;46.8667;9346
1;AT;;;;;;14.25;46.9667;9362
1;AT;;;;;;14.5367;46.7517;9371
1;AT;;;;;;14.56;46.8081;9372
1;AT;;;;;;14.5436;46.8714;9374
1;AT;;;;;;14.55;46.9414;9375
1;AT;;;;;;14.5722;46.9344;9376
1;AT;;;;;;14.8833;46.7667;9421
1;AT;;;;;;14.8833;46.7333;9422
1;AT;;;;;;14.8453;46.9161;9441
1;AT;;;;;;14.9258;46.94;9451
1;AT;;;;;;14.8;46.9167;9461
1;AT;;;;;;14.75;47;9463
1;AT;;;;;;14.9333;46.65;9473
1;AT;;;;;;13.8558;46.6103;9500
1;AT;;;;;;13.8558;46.6103;9501
1;AT;;;;;;13.8558;46.6103;9503
1;AT;;;;;;13.8558;46.6103;9505
1;AT;;;;;;13.8558;46.6103;9506
1;AT;;;;;;13.8558;46.6103;9507
1;AT;;;;;;13.8558;46.6103;9508
1;AT;;;;;;13.905;46.6686;9520
1;AT;;;;;;14.0975;46.6044;9535
1;AT;;;;;;13.8075;46.7269;9542
1;AT;;;;;;13.8519;46.7319;9543
1;AT;;;;;;13.7478;46.7764;9544
1;AT;;;;;;13.7117;46.8006;9545
1;AT;;;;;;13.7922;46.8228;9546
1;AT;;;;;;14.2064;46.7136;9555
1;AT;;;;;;14.2867;46.7378;9556
1;AT;;;;;;14.1;46.7167;9560
1;AT;;;;;;14.0306;46.7567;9562
1;AT;;;;;;13.9667;46.7667;9563
1;AT;;;;;;13.8722;46.8158;9564
1;AT;;;;;;13.9164;46.85;9565
1;AT;;;;;;13.9833;46.6667;9570
1;AT;;;;;;14.0594;46.8236;9571
1;AT;;;;;;13.9614;46.5664;9581
1;AT;;;;;;13.9097;46.5681;9583
1;AT;;;;;;13.9;46.55;9584
1;AT;;;;;;13.8517;46.5717;9585
1;AT;;;;;;13.8211;46.5569;9586
1;AT;;;;;;13.8228;46.5472;9587
1;AT;;;;;;13.71;46.5461;9601
1;AT;;;;;;13.5833;46.5833;9611
1;AT;;;;;;13.6067;46.5775;9613
1;AT;;;;;;13.3672;46.6272;9620
1;AT;;;;;;14.0261;46.7539;9629
1;AT;;;;;;13.25;46.6167;9631
1;AT;;;;;;13.1536;46.6547;9633
1;AT;;;;;;12.8886;46.6847;9652
1;AT;;;;;;12.7397;46.7075;9655
1;AT;;;;;;13.6897;46.6925;9710
1;AT;;;;;;13.6361;46.7142;9711
1;AT;;;;;;13.6908;46.7156;9712
1;AT;;;;;;13.5833;46.7167;9713
1;AT;;;;;;13.5231;46.7261;9714
1;AT;;;;;;13.78;46.6567;9722
1;AT;;;;;;13.1778;46.7558;9761
1;AT;;;;;;13.9667;47.3167;9762
1;AT;;;;;;13.0783;46.7375;9772
1;AT;;;;;;13.0253;46.7569;9773
1;AT;;;;;;12.9703;46.7431;9781
1;AT;;;;;;12.9133;46.7858;9782
1;AT;;;;;;13.4403;46.7847;9800
1;AT;;;;;;13.4403;46.7847;9802
1;AT;;;;;;13.4403;46.7847;9803
1;AT;;;;;;13.4533;46.8011;9805
1;AT;;;;;;14.2783;46.6578;9811
1;AT;;;;;;13.4;46.8333;9812
1;AT;;;;;;13.3728;46.8364;9813
1;AT;;;;;;13.3167;46.8667;9815
1;AT;;;;;;13.4183;46.6367;9821
1;AT;;;;;;13.15;46.9928;9822
1;AT;;;;;;13.1344;46.9386;9831
1;AT;;;;;;12.9783;46.8653;9833
1;AT;;;;;;12.9178;46.9239;9842
1;AT;;;;;;12.8333;47.0333;9844
1;AT;;;;;;13.4833;46.8333;9851
1;AT;;;;;;13.5103;46.8864;9852
1;AT;;;;;;13.5675;46.9225;9861
1;AT;;;;;;13.6275;46.9472;9862
1;AT;;;;;;14.1269;46.7833;9863
1;AT;;;;;;13.495;46.8219;9871
1;AT;;;;;;13.6603;46.7833;9873
1;AT;;;;;;12.6;46.7667;9912
1;AT;;;;;;12.5419;46.7603;9913
1;AT;;;;;;12.4211;46.7528;9920
1;AT;;;;;;12.4314;46.7875;9931
1;AT;;;;;;12.3747;46.8119;9932
1;AT;;;;;;12.5008;46.7289;9941
1;AT;;;;;;12.6144;46.7106;9942
1;AT;;;;;;12.7014;46.8661;9951
1;AT;;;;;;12.5364;46.9192;9961
1;AT;;;;;;12.5333;47;9971
1;AT;;;;;;12.3833;47.0167;9974
1;AT;;;;;;12.8453;46.8283;9991
