1;CH;;;;;;6.66667;46.5333;1000
1;CH;;;;;;6.66667;46.5333;1001
1;CH;;;;;;6.66667;46.5333;1002
1;CH;;;;;;6.66667;46.5333;1003
1;CH;;;;;;6.66667;46.5333;1004
1;CH;;;;;;6.66667;46.5333;1005
1;CH;;;;;;6.66667;46.5333;1006
1;CH;;;;;;6.66667;46.5333;1007
1;CH;;;;;;6.58333;46.5333;1008
1;CH;;;;;;6.65;46.5167;1009
1;CH;;;;;;6.66667;46.5333;1010
1;CH;;;;;;6.66667;46.5333;1011
1;CH;;;;;;6.66667;46.5333;1012
1;CH;;;;;;6.66667;46.5333;1015
1;CH;;;;;;6.66667;46.5333;1018
1;CH;;;;;;6.58333;46.55;1023
1;CH;;;;;;6.6;46.5667;1032
1;CH;;;;;;6.71667;46.7;1038
1;CH;;;;;;6.63333;46.6333;1040
1;CH;;;;;;6.65;46.6167;1041
1;CH;;;;;;9.76667;46.5833;1041
1;CH;;;;;;6.61667;46.6167;1042
1;CH;;;;;;6.61667;46.6167;1042
1;CH;;;;;;6.63333;46.55;1052
1;CH;;;;;;6.68333;46.6;1055
1;CH;;;;;;6.73333;46.6167;1059
1;CH;;;;;;6.73333;46.65;1062
1;CH;;;;;;6.66667;46.55;1066
1;CH;;;;;;6.78333;46.5;1070
1;CH;;;;;;6.78333;46.4833;1071
1;CH;;;;;;6.73333;46.55;1073
1;CH;;;;;;6.75;46.6167;1088
1;CH;;;;;;6.7;46.5333;1092
1;CH;;;;;;6.66667;46.5;1094
1;CH;;;;;;6.7;46.5167;1095
1;CH;;;;;;6.73333;46.4833;1096
1;CH;;;;;;6.5;46.5167;1110
1;CH;;;;;;6.46667;46.5667;1115
1;CH;;;;;;6.46667;46.6;1117
1;CH;;;;;;6.51667;46.5833;1124
1;CH;;;;;;6.43333;46.5833;1142
1;CH;;;;;;6.43333;46.55;1143
1;CH;;;;;;6.36667;46.55;1144
1;CH;;;;;;6.33333;46.55;1145
1;CH;;;;;;6.38333;46.6;1147
1;CH;;;;;;6.41667;46.6167;1148
1;CH;;;;;;6.4;46.4667;1165
1;CH;;;;;;6.36667;46.4667;1166
1;CH;;;;;;6.41667;46.5167;1169
1;CH;;;;;;6.38333;46.45;1170
1;CH;;;;;;6.33333;46.4667;1180
1;CH;;;;;;6.3;46.45;1182
1;CH;;;;;;6.28333;46.45;1183
1;CH;;;;;;6.25;46.45;1184
1;CH;;;;;;6.33333;46.4667;1185
1;CH;;;;;;6.31667;46.5;1186
1;CH;;;;;;6.3;46.5167;1188
1;CH;;;;;;6.3;46.4333;1195
1;CH;;;;;;6.26667;46.4333;1196
1;CH;;;;;;6.25;46.4;1197
1;CH;;;;;;6.16667;46.2;1200
1;CH;;;;;;6.16667;46.2;1201
1;CH;;;;;;6.16667;46.2;1202
1;CH;;;;;;6.16667;46.2;1203
1;CH;;;;;;6.16667;46.2;1204
1;CH;;;;;;6.16667;46.2;1205
1;CH;;;;;;6.16667;46.2;1206
1;CH;;;;;;6.16667;46.2;1207
1;CH;;;;;;6.16667;46.2;1208
1;CH;;;;;;6.16667;46.2;1209
1;CH;;;;;;6.1;46.1833;1213
1;CH;;;;;;6.08333;46.2167;1214
1;CH;;;;;;6.11667;46.2167;1216
1;CH;;;;;;6.06667;46.2167;1217
1;CH;;;;;;6.13333;46.2333;1218
1;CH;;;;;;6.13333;46.2;1219
1;CH;;;;;;6.11667;46.2;1219
1;CH;;;;;;6.2;46.2333;1222
1;CH;;;;;;6.2;46.2167;1223
1;CH;;;;;;6.16667;46.2;1224
1;CH;;;;;;6.2;46.2;1225
1;CH;;;;;;6.16667;46.1833;1226
1;CH;;;;;;6.11667;46.1833;1227
1;CH;;;;;;6.13333;46.1833;1227
1;CH;;;;;;6.11667;46.1667;1228
1;CH;;;;;;6.08333;46.1833;1232
1;CH;;;;;;6.08333;46.1833;1233
1;CH;;;;;;6.01667;46.1833;1236
1;CH;;;;;;6.23333;46.2;1241
1;CH;;;;;;6.03333;46.2167;1242
1;CH;;;;;;6.25;46.2333;1243
1;CH;;;;;;6.18333;46.25;1245
1;CH;;;;;;6.21667;46.2833;1247
1;CH;;;;;;6.23333;46.3;1248
1;CH;;;;;;6.23333;46.2333;1252
1;CH;;;;;;6.28333;46.25;1254
1;CH;;;;;;6.2;46.1833;1255
1;CH;;;;;;6.25;46.3833;1260
1;CH;;;;;;6.25;46.4667;1261
1;CH;;;;;;6.23333;46.4833;1261
1;CH;;;;;;6.23333;46.4833;1261
1;CH;;;;;;6.25;46.4833;1261
1;CH;;;;;;6.2;46.3833;1262
1;CH;;;;;;6.16667;46.3667;1263
1;CH;;;;;;6.08333;46.4667;1265
1;CH;;;;;;6.25;46.4333;1268
1;CH;;;;;;6.2;46.4167;1270
1;CH;;;;;;6.2;46.4167;1271
1;CH;;;;;;6.2;46.4333;1272
1;CH;;;;;;6.2;46.4667;1273
1;CH;;;;;;6.18333;46.4;1276
1;CH;;;;;;6.18333;46.3833;1277
1;CH;;;;;;6.16667;46.35;1279
1;CH;;;;;;6.01667;46.1833;1281
1;CH;;;;;;6;46.2;1283
1;CH;;;;;;6;46.1833;1283
1;CH;;;;;;5.96667;46.15;1284
1;CH;;;;;;6.05;46.1333;1286
1;CH;;;;;;6.16667;46.2667;1290
1;CH;;;;;;6.13333;46.25;1292
1;CH;;;;;;6.15;46.2667;1293
1;CH;;;;;;6.83333;46.35;1295
1;CH;;;;;;7.33333;46.2833;1296
1;CH;;;;;;6.2;46.3333;1297
1;CH;;;;;;6.2;46.35;1298
1;CH;;;;;;6.48333;46.6333;1304
1;CH;;;;;;6.51667;46.6167;1304
1;CH;;;;;;6.53333;46.6167;1305
1;CH;;;;;;6.55;46.6167;1306
1;CH;;;;;;6.51667;46.6667;1315
1;CH;;;;;;6.46667;46.7;1323
1;CH;;;;;;6.38333;46.7;1325
1;CH;;;;;;6.38333;46.7167;1337
1;CH;;;;;;6.41667;46.7333;1338
1;CH;;;;;;6.31667;46.6667;1342
1;CH;;;;;;6.31667;46.6667;1343
1;CH;;;;;;6.31667;46.65;1344
1;CH;;;;;;6.23333;46.6167;1347
1;CH;;;;;;6.21667;46.5833;1348
1;CH;;;;;;6.53333;46.7167;1350
1;CH;;;;;;6.51667;46.7167;1352
1;CH;;;;;;6.51667;46.7333;1354
1;CH;;;;;;6.56667;46.6833;1372
1;CH;;;;;;6.56667;46.7167;1373
1;CH;;;;;;6.6;46.65;1376
1;CH;;;;;;6.65;46.7833;1401
1;CH;;;;;;6.71667;46.75;1407
1;CH;;;;;;6.75;46.7;1410
1;CH;;;;;;6.7;46.7167;1413
1;CH;;;;;;6.95;46.65;1414
1;CH;;;;;;6.68333;46.7;1416
1;CH;;;;;;6.63333;46.7333;1417
1;CH;;;;;;6.61667;46.8333;1420
1;CH;;;;;;6.63333;46.8167;1422
1;CH;;;;;;6.65;46.8333;1424
1;CH;;;;;;6.71667;46.85;1426
1;CH;;;;;;6.66667;46.85;1427
1;CH;;;;;;6.71667;46.8833;1428
1;CH;;;;;;6.6;46.8333;1431
1;CH;;;;;;6.6;46.7167;1433
1;CH;;;;;;6.53333;46.7667;1439
1;CH;;;;;;6.56667;46.7833;1443
1;CH;;;;;;6.55;46.8;1445
1;CH;;;;;;6.53333;46.7833;1446
1;CH;;;;;;6.61667;46.8667;1453
1;CH;;;;;;6.56667;46.8167;1453
1;CH;;;;;;6.75;46.8;1462
1;CH;;;;;;6.76667;46.7833;1463
1;CH;;;;;;6.76667;46.7667;1464
1;CH;;;;;;6.78333;46.7833;1464
1;CH;;;;;;6.78333;46.8167;1468
1;CH;;;;;;6.85;46.85;1470
1;CH;;;;;;6.85;46.8;1484
1;CH;;;;;;6.8;46.6667;1510
1;CH;;;;;;6.83333;46.7167;1522
1;CH;;;;;;6.83333;46.75;1529
1;CH;;;;;;6.93333;46.8167;1530
1;CH;;;;;;6.83333;46.75;1536
1;CH;;;;;;6.93333;46.8833;1543
1;CH;;;;;;6.9;46.8833;1545
1;CH;;;;;;6.91667;46.7667;1552
1;CH;;;;;;6.93333;46.75;1553
1;CH;;;;;;6.93333;46.75;1554
1;CH;;;;;;7.01667;46.8667;1564
1;CH;;;;;;6.95;46.9167;1568
1;CH;;;;;;7.05;47.85;1580
1;CH;;;;;;7.05;46.8833;1580
1;CH;;;;;;7.06667;46.8833;1582
1;CH;;;;;;7;46.9;1584
1;CH;;;;;;7.01667;46.95;1588
1;CH;;;;;;6.98333;46.9333;1589
1;CH;;;;;;7.08333;46.9;1595
1;CH;;;;;;6.78333;46.5333;1607
1;CH;;;;;;6.8;46.5667;1610
1;CH;;;;;;6.93333;46.6;1611
1;CH;;;;;;6.86667;46.55;1613
1;CH;;;;;;6.85;46.5167;1616
1;CH;;;;;;6.93333;46.5833;1623
1;CH;;;;;;6.95;46.6667;1626
1;CH;;;;;;6.95;46.65;1626
1;CH;;;;;;7;46.6167;1627
1;CH;;;;;;7.03333;46.6167;1628
1;CH;;;;;;7.06667;46.6167;1630
1;CH;;;;;;7.06667;46.6167;1631
1;CH;;;;;;7.06667;46.6333;1632
1;CH;;;;;;7.06667;46.65;1633
1;CH;;;;;;7.06667;46.6167;1635
1;CH;;;;;;7.1;46.6167;1636
1;CH;;;;;;7.05;46.6833;1642
1;CH;;;;;;7.08333;46.7;1645
1;CH;;;;;;7.06667;46.65;1646
1;CH;;;;;;7.11667;46.6667;1648
1;CH;;;;;;7.1;46.65;1651
1;CH;;;;;;7.25;46.6;1656
1;CH;;;;;;7.28333;46.6;1656
1;CH;;;;;;7.3;46.5667;1657
1;CH;;;;;;7.05;46.4667;1658
1;CH;;;;;;7.08333;46.4667;1658
1;CH;;;;;;7.21667;46.4833;1659
1;CH;;;;;;7.11667;46.4667;1660
1;CH;;;;;;7.13333;46.4667;1660
1;CH;;;;;;7.11667;46.4333;1660
1;CH;;;;;;7.08333;46.5833;1663
1;CH;;;;;;7.1;46.5667;1665
1;CH;;;;;;7.1;46.55;1666
1;CH;;;;;;7.08333;46.5667;1667
1;CH;;;;;;7.06667;46.5167;1669
1;CH;;;;;;7.06667;46.5;1669
1;CH;;;;;;7.05;46.4833;1669
1;CH;;;;;;6.81667;46.6167;1673
1;CH;;;;;;6.85;46.6167;1675
1;CH;;;;;;6.86667;46.6667;1678
1;CH;;;;;;6.86667;46.6833;1683
1;CH;;;;;;7.01667;46.7;1694
1;CH;;;;;;7.01667;46.7167;1695
1;CH;;;;;;6.86667;46.6;1699
1;CH;;;;;;7.15;46.8;1700
1;CH;;;;;;7.15;46.8;1701
1;CH;;;;;;7.15;46.8;1702
1;CH;;;;;;7.15;46.8;1703
1;CH;;;;;;7.15;46.8;1704
1;CH;;;;;;7.15;46.8;1705
1;CH;;;;;;7.15;46.8;1706
1;CH;;;;;;7.15;46.8;1707
1;CH;;;;;;7.15;46.8;1708
1;CH;;;;;;7.15;46.8;1709
1;CH;;;;;;7.21667;46.8;1712
1;CH;;;;;;7.3;46.8333;1714
1;CH;;;;;;7.26667;46.7333;1716
1;CH;;;;;;7.28333;46.75;1716
1;CH;;;;;;7.28333;46.6667;1716
1;CH;;;;;;7.25;46.7667;1718
1;CH;;;;;;7.3;46.75;1719
1;CH;;;;;;7.1;46.8;1720
1;CH;;;;;;7.06667;46.8667;1721
1;CH;;;;;;7.08333;46.7333;1726
1;CH;;;;;;7.08333;46.75;1730
1;CH;;;;;;7.11667;46.75;1732
1;CH;;;;;;7.13333;46.7333;1733
1;CH;;;;;;7.21667;46.7667;1735
1;CH;;;;;;7.25;46.7333;1737
1;CH;;;;;;7.35;46.7167;1738
1;CH;;;;;;7.01667;46.7333;1742
1;CH;;;;;;7.11667;46.8;1752
1;CH;;;;;;7.06667;46.7833;1754
1;CH;;;;;;7.01667;46.8;1757
1;CH;;;;;;7.08333;46.8333;1772
1;CH;;;;;;7.03333;46.8167;1772
1;CH;;;;;;7.01667;46.8333;1773
1;CH;;;;;;6.98333;46.7833;1775
1;CH;;;;;;6.96667;46.8;1775
1;CH;;;;;;6.98333;46.8167;1776
1;CH;;;;;;7.1;46.8167;1782
1;CH;;;;;;7.16667;46.8667;1783
1;CH;;;;;;7.11667;46.8667;1784
1;CH;;;;;;7.2;46.85;1784
1;CH;;;;;;7.1;46.9667;1786
1;CH;;;;;;7.15;46.8667;1792
1;CH;;;;;;7.16667;46.9;1793
1;CH;;;;;;7.1;46.8833;1795
1;CH;;;;;;7.1;46.9;1796
1;CH;;;;;;6.85;46.45;1800
1;CH;;;;;;6.81667;46.4833;1803
1;CH;;;;;;6.88333;46.4667;1806
1;CH;;;;;;6.9;46.4667;1807
1;CH;;;;;;6.86667;46.45;1814
1;CH;;;;;;6.93333;46.4167;1820
1;CH;;;;;;6.91667;46.4333;1820
1;CH;;;;;;6.93333;46.4167;1823
1;CH;;;;;;6.93333;46.4333;1824
1;CH;;;;;;6.95;46.45;1833
1;CH;;;;;;6.96667;46.3333;1853
1;CH;;;;;;7.01667;46.35;1854
1;CH;;;;;;6.96667;46.35;1856
1;CH;;;;;;6.96667;46.3167;1860
1;CH;;;;;;7.11667;46.4;1862
1;CH;;;;;;7.06667;46.3833;1862
1;CH;;;;;;7.05;46.3667;1863
1;CH;;;;;;7.2;46.3167;1865
1;CH;;;;;;7.01667;46.3;1867
1;CH;;;;;;6.95;46.2667;1868
1;CH;;;;;;6.95;46.25;1870
1;CH;;;;;;6.91667;46.2167;1872
1;CH;;;;;;6.86667;46.1833;1874
1;CH;;;;;;6.85;46.2333;1875
1;CH;;;;;;7.01667;46.25;1880
1;CH;;;;;;7.1;46.2667;1882
1;CH;;;;;;7.05;46.3;1884
1;CH;;;;;;7.06667;46.2833;1884
1;CH;;;;;;7.01667;46.2833;1884
1;CH;;;;;;7.05;46.3;1885
1;CH;;;;;;7.1;46.2667;1888
1;CH;;;;;;7.03333;46.2167;1892
1;CH;;;;;;7.03333;46.2;1892
1;CH;;;;;;7.03333;46.2167;1892
1;CH;;;;;;6.9;46.3;1895
1;CH;;;;;;6.88333;46.3333;1896
1;CH;;;;;;6.85;46.3833;1897
1;CH;;;;;;6.86667;46.3667;1897
1;CH;;;;;;7.01667;46.0167;1902
1;CH;;;;;;7.03333;46.1667;1903
1;CH;;;;;;7.06667;46.1333;1904
1;CH;;;;;;7.05;46.15;1905
1;CH;;;;;;7.13333;46.1167;1906
1;CH;;;;;;7.18333;46.15;1907
1;CH;;;;;;7.23333;46.1667;1908
1;CH;;;;;;7.16667;46.2;1911
1;CH;;;;;;7.2;46.1833;1912
1;CH;;;;;;7.18333;46.1667;1913
1;CH;;;;;;7.25;46.15;1914
1;CH;;;;;;7.08333;46.0833;1920
1;CH;;;;;;7.1;46.0833;1921
1;CH;;;;;;7.01667;46.1167;1922
1;CH;;;;;;7;46.1167;1923
1;CH;;;;;;6.96667;46.0833;1925
1;CH;;;;;;7.1;46.1333;1926
1;CH;;;;;;7.1;46.0833;1927
1;CH;;;;;;7;46.05;1929
1;CH;;;;;;7.08333;46.0833;1932
1;CH;;;;;;7.15;46.0833;1933
1;CH;;;;;;7.21667;46.0667;1934
1;CH;;;;;;7.21667;46.1;1936
1;CH;;;;;;7.15;46.0333;1937
1;CH;;;;;;7.11667;46.0333;1938
1;CH;;;;;;7.13333;45.9833;1943
1;CH;;;;;;7.18333;46;1945
1;CH;;;;;;7.3;46.0333;1948
1;CH;;;;;;7.26667;46.05;1948
1;CH;;;;;;7.35;46.2333;1950
1;CH;;;;;;7.35;46.2333;1951
1;CH;;;;;;7.21667;46.2;1955
1;CH;;;;;;7.25;46.2;1957
1;CH;;;;;;7.43333;46.2167;1961
1;CH;;;;;;7.28333;46.2167;1963
1;CH;;;;;;7.3;46.2333;1964
1;CH;;;;;;7.35;46.25;1965
1;CH;;;;;;7.41667;46.2833;1966
1;CH;;;;;;7.4;46.2333;1967
1;CH;;;;;;7.43333;46.1833;1968
1;CH;;;;;;7.38333;46.25;1971
1;CH;;;;;;7.43333;46.2333;1973
1;CH;;;;;;7.38333;46.2833;1974
1;CH;;;;;;7.3;46.25;1976
1;CH;;;;;;7.45;46.2833;1978
1;CH;;;;;;7.4;46.2;1981
1;CH;;;;;;7.41667;46.1667;1982
1;CH;;;;;;7.5;46.1167;1983
1;CH;;;;;;7.51667;46.0833;1984
1;CH;;;;;;7.48333;46.0333;1986
1;CH;;;;;;7.4;46.1833;1987
1;CH;;;;;;7.33333;46.2;1993
1;CH;;;;;;7.31667;46.2;1994
1;CH;;;;;;7.3;46.1833;1996
1;CH;;;;;;7.3;46.1667;1996
1;CH;;;;;;6.96667;47;2000
1;CH;;;;;;6.86667;46.9667;2012
1;CH;;;;;;6.86667;46.9333;2015
1;CH;;;;;;6.85;46.9333;2016
1;CH;;;;;;6.83333;46.95;2017
1;CH;;;;;;6.81667;46.9333;2022
1;CH;;;;;;6.76667;46.9;2023
1;CH;;;;;;6.78333;46.9;2025
1;CH;;;;;;6.88333;46.9833;2034
1;CH;;;;;;6.9;46.0167;2042
1;CH;;;;;;6.88333;47.0333;2043
1;CH;;;;;;6.88333;47.05;2052
1;CH;;;;;;6.9;47.0667;2053
1;CH;;;;;;6.96667;47.0667;2056
1;CH;;;;;;6.95;47.05;2065
1;CH;;;;;;6.95;47.0167;2067
1;CH;;;;;;7;47.0167;2074
1;CH;;;;;;7.03333;47;2075
1;CH;;;;;;7.05;47.0333;2076
1;CH;;;;;;6.73333;46.95;2103
1;CH;;;;;;6.68333;46.9333;2105
1;CH;;;;;;6.63333;46.9167;2108
1;CH;;;;;;6.58333;46.9;2114
1;CH;;;;;;6.55;46.8833;2115
1;CH;;;;;;6.48333;46.8667;2117
1;CH;;;;;;6.46667;46.9;2126
1;CH;;;;;;6.51667;46.9167;2127
1;CH;;;;;;6.75;46.95;2149
1;CH;;;;;;6.85;47.0333;2206
1;CH;;;;;;6.88333;47.05;2208
1;CH;;;;;;6.85;47.1333;2300
1;CH;;;;;;6.85;47.1333;2301
1;CH;;;;;;6.85;47.1333;2302
1;CH;;;;;;6.85;47.1333;2303
1;CH;;;;;;6.85;47.1333;2304
1;CH;;;;;;6.85;47.1333;2305
1;CH;;;;;;6.85;47.1333;2306
1;CH;;;;;;6.73333;47;2316
1;CH;;;;;;6.75;46.9833;2318
1;CH;;;;;;6.88333;47.1333;2333
1;CH;;;;;;6.9;47.1667;2336
1;CH;;;;;;6.11667;46.4833;2340
1;CH;;;;;;7;47.2;2345
1;CH;;;;;;6.95;47.2;2345
1;CH;;;;;;7.03333;47.2167;2345
1;CH;;;;;;7;47.25;2350
1;CH;;;;;;6.98333;47.2667;2353
1;CH;;;;;;6.75;47.0667;2400
1;CH;;;;;;6.6;46.9833;2406
1;CH;;;;;;6.7;47.0667;2416
1;CH;;;;;;7.15;47.1;2513
1;CH;;;;;;7.15;47.0833;2514
1;CH;;;;;;7.25;47.2;2515
1;CH;;;;;;7.15;47.1167;2516
1;CH;;;;;;7.11667;47.1167;2517
1;CH;;;;;;7.08333;47.1167;2518
1;CH;;;;;;7.1;47.0667;2520
1;CH;;;;;;7.06667;47.0833;2523
1;CH;;;;;;7.06667;47.05;2525
1;CH;;;;;;7.23333;47.15;2533
1;CH;;;;;;7.2;47.1667;2534
1;CH;;;;;;7.28333;47.1833;2537
1;CH;;;;;;7.38333;47.1833;2540
1;CH;;;;;;7.33333;47.1833;2542
1;CH;;;;;;7.41667;47.2;2544
1;CH;;;;;;7.43333;47.2;2545
1;CH;;;;;;7.3;47.1333;2552
1;CH;;;;;;7.35;47.1667;2554
1;CH;;;;;;7.23333;47.1167;2560
1;CH;;;;;;7.23333;47.1167;2564
1;CH;;;;;;7.21667;47.0833;2572
1;CH;;;;;;7.18333;47.0667;2575
1;CH;;;;;;7.2;47.0667;2575
1;CH;;;;;;7.25;47.2;2603
1;CH;;;;;;7.21667;47.1833;2604
1;CH;;;;;;7.13333;47.1833;2606
1;CH;;;;;;7.06667;47.1833;2608
1;CH;;;;;;7.03333;47.1667;2613
1;CH;;;;;;6.95;47.1333;2615
1;CH;;;;;;7.2;47.2167;2710
1;CH;;;;;;7.16667;47.2667;2713
1;CH;;;;;;7.21667;47.2667;2716
1;CH;;;;;;7.1;47.2333;2720
1;CH;;;;;;7.21667;47.2333;2732
1;CH;;;;;;7.2;47.25;2732
1;CH;;;;;;7.28333;47.2333;2735
1;CH;;;;;;7.26667;47.2333;2735
1;CH;;;;;;7.33333;47.2333;2738
1;CH;;;;;;7.36667;47.2833;2740
1;CH;;;;;;7.35;47.2833;2742
1;CH;;;;;;7.41667;47.2833;2745
1;CH;;;;;;7.43333;47.2667;2746
1;CH;;;;;;7.33333;47.3667;2800
1;CH;;;;;;7.36667;47.4;2805
1;CH;;;;;;7.5;47.4167;2807
1;CH;;;;;;7.28333;47.4;2807
1;CH;;;;;;7.3;47.4167;2812
1;CH;;;;;;7.36667;47.3667;2822
1;CH;;;;;;7.41667;47.35;2824
1;CH;;;;;;7.48333;47.35;2827
1;CH;;;;;;7.55;47.3333;2827
1;CH;;;;;;7.46667;47.3333;2829
1;CH;;;;;;7.38333;47.3167;2830
1;CH;;;;;;7.36667;47.3333;2830
1;CH;;;;;;7.31667;47.35;2852
1;CH;;;;;;7.28333;47.3333;2853
1;CH;;;;;;7.23333;47.35;2854
1;CH;;;;;;7.2;47.3333;2855
1;CH;;;;;;7.21667;47.3;2863
1;CH;;;;;;7.15;47.3;2873
1;CH;;;;;;7.06667;47.2833;2875
1;CH;;;;;;7.05;47.3;2887
1;CH;;;;;;7.08333;47.35;2889
1;CH;;;;;;7.08333;47.4167;2900
1;CH;;;;;;7.08333;47.4;2902
1;CH;;;;;;7.03333;47.4;2905
1;CH;;;;;;7;47.3833;2906
1;CH;;;;;;6.93333;47.3833;2908
1;CH;;;;;;6.9;47.3667;2914
1;CH;;;;;;7;47.45;2915
1;CH;;;;;;6.95;47.4167;2916
1;CH;;;;;;7.05;47.4667;2923
1;CH;;;;;;7.05;47.4833;2924
1;CH;;;;;;7.03333;47.4833;2925
1;CH;;;;;;7.01667;47.5;2926
1;CH;;;;;;7.1;47.4667;2932
1;CH;;;;;;9.16667;46.7;2933
1;CH;;;;;;7.13333;47.4333;2942
1;CH;;;;;;7.15;47.45;2943
1;CH;;;;;;7.15;47.4833;2944
1;CH;;;;;;7.18333;47.4333;2946
1;CH;;;;;;7.21667;47.4333;2947
1;CH;;;;;;7.11667;47.4;2950
1;CH;;;;;;7.16667;47.4;2952
1;CH;;;;;;7.2;47.3833;2954
1;CH;;;;;;7.46667;46.9167;3000
1;CH;;;;;;7.46667;46.9167;3001
1;CH;;;;;;7.46667;46.9167;3003
1;CH;;;;;;7.46667;46.9167;3004
1;CH;;;;;;7.46667;46.9167;3005
1;CH;;;;;;7.46667;46.9167;3006
1;CH;;;;;;7.46667;46.9167;3007
1;CH;;;;;;7.46667;46.9167;3008
1;CH;;;;;;7.46667;46.9167;3010
1;CH;;;;;;7.46667;46.9167;3011
1;CH;;;;;;7.46667;46.9167;3012
1;CH;;;;;;7.46667;46.9167;3013
1;CH;;;;;;7.46667;46.9167;3014
1;CH;;;;;;7.46667;46.9167;3015
1;CH;;;;;;7.46667;46.9167;3018
1;CH;;;;;;7.46667;46.9167;3019
1;CH;;;;;;7.46667;46.9167;3020
1;CH;;;;;;7.46667;46.9167;3024
1;CH;;;;;;7.46667;46.9167;3027
1;CH;;;;;;7.46667;46.9167;3030
1;CH;;;;;;7.38333;46.9667;3032
1;CH;;;;;;7.26667;46.9833;3035
1;CH;;;;;;7.41667;47;3038
1;CH;;;;;;7.46667;46.9167;3040
1;CH;;;;;;7.38333;46.9833;3043
1;CH;;;;;;7.33333;46.9833;3044
1;CH;;;;;;7.46667;46.9667;3048
1;CH;;;;;;7.46667;46.9833;3052
1;CH;;;;;;7.45;47.0167;3053
1;CH;;;;;;7.38333;47.0333;3054
1;CH;;;;;;7.48333;46.9667;3065
1;CH;;;;;;7.53333;46.95;3066
1;CH;;;;;;7.55;46.95;3067
1;CH;;;;;;7.48333;46.95;3072
1;CH;;;;;;7.5;46.9667;3073
1;CH;;;;;;7.56667;46.9333;3076
1;CH;;;;;;7.58333;46.9;3078
1;CH;;;;;;7.56667;46.9;3083
1;CH;;;;;;7.48333;46.9333;3084
1;CH;;;;;;7.46667;46.8667;3086
1;CH;;;;;;7.43333;46.8167;3088
1;CH;;;;;;7.4;46.8667;3096
1;CH;;;;;;7.43333;46.9333;3097
1;CH;;;;;;7.41667;46.9167;3098
1;CH;;;;;;7.56667;46.8833;3110
1;CH;;;;;;7.53333;46.9;3113
1;CH;;;;;;7.58333;46.85;3114
1;CH;;;;;;7.58333;46.85;3114
1;CH;;;;;;7.55;46.8167;3115
1;CH;;;;;;7.46667;46.9;3122
1;CH;;;;;;7.5;46.8833;3123
1;CH;;;;;;7.51667;46.8667;3124
1;CH;;;;;;7.48333;46.8667;3125
1;CH;;;;;;7.5;46.8167;3127
1;CH;;;;;;7.46667;46.8;3132
1;CH;;;;;;7.38333;46.8833;3145
1;CH;;;;;;7.33333;46.8333;3150
1;CH;;;;;;7.35;46.7667;3156
1;CH;;;;;;7.33333;46.7667;3158
1;CH;;;;;;7.31667;46.7833;3159
1;CH;;;;;;7.35;46.9;3174
1;CH;;;;;;7.3;46.8833;3175
1;CH;;;;;;7.3;46.8833;3176
1;CH;;;;;;7.21667;46.9;3178
1;CH;;;;;;7.23333;46.9;3179
1;CH;;;;;;7.3;46.8667;3182
1;CH;;;;;;7.31667;46.85;3183
1;CH;;;;;;7.26667;46.8833;3184
1;CH;;;;;;7.2;46.85;3186
1;CH;;;;;;7.33333;46.95;3202
1;CH;;;;;;7.25;46.95;3203
1;CH;;;;;;7.26667;46.9167;3204
1;CH;;;;;;7.23333;46.9333;3205
1;CH;;;;;;7.21667;46.9167;3206
1;CH;;;;;;7.23333;46.9667;3207
1;CH;;;;;;7.2;46.9667;3210
1;CH;;;;;;7.2;46.9167;3213
1;CH;;;;;;7.16667;46.9167;3215
1;CH;;;;;;7.1;47.0167;3232
1;CH;;;;;;7.1;47.0333;3235
1;CH;;;;;;7.05;47.0167;3236
1;CH;;;;;;7.15;47.0167;3237
1;CH;;;;;;7.3;47.0667;3250
1;CH;;;;;;7.28333;47.1;3252
1;CH;;;;;;7.38333;47.1;3253
1;CH;;;;;;7.45;47.0833;3254
1;CH;;;;;;7.35;47.0667;3257
1;CH;;;;;;7.33333;47.05;3262
1;CH;;;;;;7.28333;47.05;3270
1;CH;;;;;;7.25;47.05;3273
1;CH;;;;;;7.11667;46.9333;3280
1;CH;;;;;;7.23333;47.0167;3283
1;CH;;;;;;7.21667;46.9833;3284
1;CH;;;;;;7.15;46.95;3285
1;CH;;;;;;7.36667;47.1333;3294
1;CH;;;;;;7.41667;47.15;3296
1;CH;;;;;;7.45;47.1667;3297
1;CH;;;;;;7.5;47.05;3303
1;CH;;;;;;7.46667;47.0833;3307
1;CH;;;;;;7.55;47.0667;3309
1;CH;;;;;;7.51667;47.0833;3312
1;CH;;;;;;7.53333;47.1167;3315
1;CH;;;;;;7.5;47.0167;3322
1;CH;;;;;;7.48333;47.0333;3322
1;CH;;;;;;7.53333;47.0333;3324
1;CH;;;;;;7.56667;47.0167;3326
1;CH;;;;;;7.7;47.1833;3360
1;CH;;;;;;7.7;47.1667;3363
1;CH;;;;;;7.66667;47.15;3365
1;CH;;;;;;7.73333;47.15;3367
1;CH;;;;;;7.4;46.8;3376
1;CH;;;;;;7.65;47.2333;3380
1;CH;;;;;;7.61667;47.05;3400
1;CH;;;;;;7.61667;47.05;3401
1;CH;;;;;;7.61667;47.05;3402
1;CH;;;;;;7.65;47.05;3412
1;CH;;;;;;7.61667;47.0333;3414
1;CH;;;;;;7.63333;47.0167;3415
1;CH;;;;;;7.58333;47.0667;3421
1;CH;;;;;;7.58333;47.0833;3423
1;CH;;;;;;7.6;47.1333;3425
1;CH;;;;;;7.55;47.1333;3427
1;CH;;;;;;7.75;46.9667;3436
1;CH;;;;;;7.73333;46.9833;3437
1;CH;;;;;;7.73333;46.95;3438
1;CH;;;;;;7.75;46.9833;3439
1;CH;;;;;;7.73333;47.0333;3454
1;CH;;;;;;7.73333;47.0167;3456
1;CH;;;;;;7.78333;47.0833;3465
1;CH;;;;;;7.66667;47.1;3472
1;CH;;;;;;7.63333;47.1167;3473
1;CH;;;;;;7.46667;46.8333;3475
1;CH;;;;;;7.61667;46.9333;3507
1;CH;;;;;;7.63333;46.8833;3510
1;CH;;;;;;7.61667;46.95;3512
1;CH;;;;;;7.61667;46.95;3513
1;CH;;;;;;7.65;46.9;3532
1;CH;;;;;;7.68333;46.9;3533
1;CH;;;;;;7.71667;46.9167;3534
1;CH;;;;;;7.73333;46.9333;3535
1;CH;;;;;;7.76667;46.9;3536
1;CH;;;;;;7.78333;46.8833;3537
1;CH;;;;;;7.75;46.95;3543
1;CH;;;;;;7.81667;46.9333;3552
1;CH;;;;;;7.83333;46.9167;3555
1;CH;;;;;;7.88333;46.95;3556
1;CH;;;;;;7.61667;46.75;3600
1;CH;;;;;;7.61667;46.75;3601
1;CH;;;;;;7.61667;46.75;3602
1;CH;;;;;;7.61667;46.75;3603
1;CH;;;;;;7.61667;46.75;3604
1;CH;;;;;;7.61667;46.75;3605
1;CH;;;;;;7.61667;46.75;3606
1;CH;;;;;;7.61667;46.75;3607
1;CH;;;;;;7.61667;46.75;3608
1;CH;;;;;;7.63333;46.7833;3612
1;CH;;;;;;7.63333;46.7833;3613
1;CH;;;;;;7.7;46.8167;3615
1;CH;;;;;;7.71667;46.8;3616
1;CH;;;;;;7.76667;46.7833;3619
1;CH;;;;;;7.68333;46.75;3625
1;CH;;;;;;7.65;46.75;3626
1;CH;;;;;;7.6;46.8;3627
1;CH;;;;;;7.56667;46.7833;3628
1;CH;;;;;;7.56667;46.8167;3629
1;CH;;;;;;7.55;46.7167;3632
1;CH;;;;;;7.58333;46.7167;3633
1;CH;;;;;;7.56667;46.75;3634
1;CH;;;;;;7.53333;46.7333;3638
1;CH;;;;;;7.63333;46.7167;3646
1;CH;;;;;;7.61667;46.7;3647
1;CH;;;;;;7.65;46.7333;3652
1;CH;;;;;;7.7;46.7167;3654
1;CH;;;;;;7.7;46.7167;3655
1;CH;;;;;;7.73333;46.7;3658
1;CH;;;;;;7.56667;46.7667;3661
1;CH;;;;;;7.53333;46.7833;3662
1;CH;;;;;;7.48333;46.7833;3664
1;CH;;;;;;7.51667;46.7667;3665
1;CH;;;;;;7.61667;46.8167;3671
1;CH;;;;;;7.95;46.8333;3672
1;CH;;;;;;7.68333;46.85;3673
1;CH;;;;;;7.68333;46.6833;3700
1;CH;;;;;;7.66667;46.6667;3702
1;CH;;;;;;7.73333;46.65;3704
1;CH;;;;;;7.71667;46.6667;3705
1;CH;;;;;;7.76667;46.65;3706
1;CH;;;;;;7.8;46.6667;3707
1;CH;;;;;;7.65;46.6333;3712
1;CH;;;;;;7.65;46.5833;3714
1;CH;;;;;;7.56667;46.4833;3715
1;CH;;;;;;7.66667;46.55;3716
1;CH;;;;;;7.66667;46.4833;3718
1;CH;;;;;;7.75;46.5667;3723
1;CH;;;;;;7.63333;46.6833;3752
1;CH;;;;;;7.58333;46.6667;3753
1;CH;;;;;;7.56667;46.6333;3754
1;CH;;;;;;7.48333;46.5667;3757
1;CH;;;;;;7.55;46.6667;3762
1;CH;;;;;;7.48333;46.65;3763
1;CH;;;;;;7.46667;46.65;3764
1;CH;;;;;;7.38333;46.6333;3766
1;CH;;;;;;7.38333;46.6167;3766
1;CH;;;;;;7.36667;46.55;3770
1;CH;;;;;;7.38333;46.5333;3771
1;CH;;;;;;7.3;46.5167;3777
1;CH;;;;;;7.28333;46.5;3778
1;CH;;;;;;7.28333;46.4667;3780
1;CH;;;;;;7.26667;46.4167;3784
1;CH;;;;;;7.25;46.4833;3792
1;CH;;;;;;7.85;46.6833;3800
1;CH;;;;;;7.85;46.6833;3800
1;CH;;;;;;7.78333;46.6833;3800
1;CH;;;;;;7.93333;46.5833;3801
1;CH;;;;;;7.98333;46.55;3801
1;CH;;;;;;7.78333;46.7;3803
1;CH;;;;;;7.85;46.7167;3804
1;CH;;;;;;7.95;46.7;3807
1;CH;;;;;;7.85;46.6667;3812
1;CH;;;;;;7.83333;46.6333;3813
1;CH;;;;;;7.9;46.6333;3815
1;CH;;;;;;7.93333;46.6333;3816
1;CH;;;;;;8.05;46.6167;3818
1;CH;;;;;;7.9;46.6;3822
1;CH;;;;;;7.88333;46.6167;3822
1;CH;;;;;;7.91667;46.6;3823
1;CH;;;;;;7.9;46.55;3824
1;CH;;;;;;7.88333;46.5667;3825
1;CH;;;;;;7.88333;46.55;3826
1;CH;;;;;;8.03333;46.7;3855
1;CH;;;;;;8.1;46.75;3856
1;CH;;;;;;8.18333;46.7333;3860
1;CH;;;;;;8.21667;46.7;3862
1;CH;;;;;;8.3;46.7167;3863
1;CH;;;;;;8.35;46.7333;3863
1;CH;;;;;;8.28333;46.6667;3864
1;CH;;;;;;7.93333;46.3;3900
1;CH;;;;;;7.95;46.3;3900
1;CH;;;;;;7.98333;46.3167;3900
1;CH;;;;;;8.13333;46.2;3901
1;CH;;;;;;7.96667;46.3;3902
1;CH;;;;;;7.93333;46.3167;3903
1;CH;;;;;;7.98333;46.3333;3904
1;CH;;;;;;8.05;46.1833;3907
1;CH;;;;;;7.9;46.2;3909
1;CH;;;;;;8.01667;46.3167;3911
1;CH;;;;;;8.01667;46.3333;3912
1;CH;;;;;;7.96667;46.3667;3914
1;CH;;;;;;7.75;46.3833;3916
1;CH;;;;;;7.75;46.3667;3917
1;CH;;;;;;7.76667;46.4;3917
1;CH;;;;;;7.78333;45.9667;3920
1;CH;;;;;;7.75;46.0167;3920
1;CH;;;;;;7.85;46.25;3923
1;CH;;;;;;7.83333;46.1833;3925
1;CH;;;;;;7.83333;46.2167;3926
1;CH;;;;;;7.8;46.15;3927
1;CH;;;;;;7.8;46.1;3928
1;CH;;;;;;7.76667;46.0667;3929
1;CH;;;;;;7.91667;46.1833;3930
1;CH;;;;;;7.91667;46.2833;3931
1;CH;;;;;;7.9;46.3;3931
1;CH;;;;;;7.9;46.25;3932
1;CH;;;;;;7.88333;46.2167;3933
1;CH;;;;;;7.85;46.2667;3934
1;CH;;;;;;7.81667;46.2667;3935
1;CH;;;;;;7.86667;46.3;3937
1;CH;;;;;;7.86667;46.3167;3939
1;CH;;;;;;7.78333;46.3167;3942
1;CH;;;;;;7.8;46.3;3942
1;CH;;;;;;7.78333;46.2833;3943
1;CH;;;;;;7.71667;46.3167;3945
1;CH;;;;;;7.73333;46.3167;3945
1;CH;;;;;;7.7;46.2;3946
1;CH;;;;;;7.7;46.3;3946
1;CH;;;;;;7.7;46.2833;3948
1;CH;;;;;;7.66667;46.3;3951
1;CH;;;;;;7.64;46.309;3952
1;CH;;;;;;7.61667;46.3167;3953
1;CH;;;;;;7.63333;46.3167;3953
1;CH;;;;;;7.61667;46.35;3953
1;CH;;;;;;7.63333;46.3833;3954
1;CH;;;;;;7.63333;46.35;3955
1;CH;;;;;;7.68333;46.3;3956
1;CH;;;;;;7.7;46.3167;3957
1;CH;;;;;;7.68333;46.3167;3957
1;CH;;;;;;7.53333;46.3;3960
1;CH;;;;;;7.58333;46.1833;3961
1;CH;;;;;;7.58333;46.2167;3961
1;CH;;;;;;7.63333;46.1333;3961
1;CH;;;;;;7.58333;46.25;3961
1;CH;;;;;;7.6;46.1833;3961
1;CH;;;;;;7.46667;46.3;3963
1;CH;;;;;;7.53333;46.2667;3965
1;CH;;;;;;7.51667;46.2667;3966
1;CH;;;;;;7.51667;46.25;3967
1;CH;;;;;;7.58333;46.3167;3970
1;CH;;;;;;7.45;46.2667;3971
1;CH;;;;;;7.55;46.3167;3972
1;CH;;;;;;7.5;46.3167;3975
1;CH;;;;;;7.45;46.25;3979
1;CH;;;;;;8.31667;46.5167;3981
1;CH;;;;;;8.28333;46.4833;3981
1;CH;;;;;;7.96667;46.35;3982
1;CH;;;;;;8.03333;46.3667;3983
1;CH;;;;;;8.05;46.3833;3983
1;CH;;;;;;8.13333;46.4;3984
1;CH;;;;;;8.01667;46.3833;3987
1;CH;;;;;;8.3;46.5;3988
1;CH;;;;;;8.23333;46.45;3989
1;CH;;;;;;8.18333;46.45;3989
1;CH;;;;;;8.18333;46.4333;3989
1;CH;;;;;;8.06667;46.3833;3991
1;CH;;;;;;8.08333;46.3667;3993
1;CH;;;;;;8.11667;46.3833;3994
1;CH;;;;;;8.15;46.4;3995
1;CH;;;;;;8.16667;46.4167;3995
1;CH;;;;;;8.15;46.3833;3995
1;CH;;;;;;8.18333;46.3667;3996
1;CH;;;;;;8.15;46.4333;3997
1;CH;;;;;;8.33333;46.5333;3999
1;CH;;;;;;7.6;47.5667;4000
1;CH;;;;;;7.6;47.5667;4001
1;CH;;;;;;7.6;47.5667;4002
1;CH;;;;;;7.6;47.5667;4003
1;CH;;;;;;7.6;47.5667;4004
1;CH;;;;;;7.6;47.5667;4005
1;CH;;;;;;7.6;47.5667;4006
1;CH;;;;;;7.6;47.5667;4007
1;CH;;;;;;7.6;47.5667;4008
1;CH;;;;;;7.6;47.5667;4009
1;CH;;;;;;7.6;47.5667;4010
1;CH;;;;;;7.6;47.5667;4011
1;CH;;;;;;7.6;47.5667;4012
1;CH;;;;;;7.6;47.5667;4013
1;CH;;;;;;7.6;47.5667;4015
1;CH;;;;;;7.6;47.5667;4016
1;CH;;;;;;7.6;47.5667;4017
1;CH;;;;;;7.6;47.5667;4018
1;CH;;;;;;7.6;47.5667;4019
1;CH;;;;;;7.6;47.5667;4020
1;CH;;;;;;7.6;47.5667;4023
1;CH;;;;;;7.6;47.5667;4024
1;CH;;;;;;7.6;47.5667;4025
1;CH;;;;;;7.6;47.5667;4027
1;CH;;;;;;7.6;47.5667;4028
1;CH;;;;;;7.6;47.5667;4030
1;CH;;;;;;7.6;47.5667;4031
1;CH;;;;;;7.6;47.5667;4032
1;CH;;;;;;7.6;47.5667;4039
1;CH;;;;;;7.6;47.5667;4040
1;CH;;;;;;7.6;47.5667;4051
1;CH;;;;;;7.6;47.5667;4052
1;CH;;;;;;7.6;47.5667;4053
1;CH;;;;;;7.6;47.5667;4054
1;CH;;;;;;7.6;47.5667;4055
1;CH;;;;;;7.6;47.5667;4056
1;CH;;;;;;7.6;47.5667;4057
1;CH;;;;;;7.6;47.5667;4058
1;CH;;;;;;7.6;47.5667;4059
1;CH;;;;;;7.6;47.5667;4070
1;CH;;;;;;7.6;47.5667;4080
1;CH;;;;;;7.6;47.5667;4091
1;CH;;;;;;7.56667;47.5333;4102
1;CH;;;;;;7.56667;47.5167;4103
1;CH;;;;;;7.55;47.5;4106
1;CH;;;;;;7.55;47.4833;4107
1;CH;;;;;;7.51667;47.4667;4115
1;CH;;;;;;7.46667;47.45;4116
1;CH;;;;;;7.45;47.4833;4118
1;CH;;;;;;7.53333;47.55;4123
1;CH;;;;;;7.48333;47.5333;4124
1;CH;;;;;;7.46919;47.58058;4125
1;CH;;;;;;7.65;47.6;4126
1;CH;;;;;;7.61667;47.55;4127
1;CH;;;;;;7.65;47.5167;4132
1;CH;;;;;;7.68333;47.5167;4133
1;CH;;;;;;7.61667;47.5167;4142
1;CH;;;;;;7.61667;47.4667;4143
1;CH;;;;;;7.61667;47.4833;4144
1;CH;;;;;;7.65;47.4667;4145
1;CH;;;;;;7.63333;47.45;4146
1;CH;;;;;;7.58333;47.45;4148
1;CH;;;;;;7.58333;47.4333;4203
1;CH;;;;;;7.58333;47.4167;4204
1;CH;;;;;;7.65;47.4;4207
1;CH;;;;;;7.6;47.4;4208
1;CH;;;;;;7.51667;47.4333;4222
1;CH;;;;;;7.51667;47.45;4223
1;CH;;;;;;7.53333;47.4167;4225
1;CH;;;;;;7.55;47.4;4226
1;CH;;;;;;7.53333;47.3833;4227
1;CH;;;;;;7.53333;47.3667;4228
1;CH;;;;;;7.6;47.3833;4234
1;CH;;;;;;7.5;47.4167;4242
1;CH;;;;;;7.45;47.4333;4244
1;CH;;;;;;7.41667;47.4333;4245
1;CH;;;;;;7.46667;47.3833;4252
1;CH;;;;;;7.43333;47.4;4253
1;CH;;;;;;7.71667;47.5333;4303
1;CH;;;;;;7.78333;47.55;4310
1;CH;;;;;;7.8;47.5333;4312
1;CH;;;;;;7.85;47.55;4313
1;CH;;;;;;7.9;47.5333;4315
1;CH;;;;;;7.93333;47.5;4317
1;CH;;;;;;7.91667;47.55;4322
1;CH;;;;;;7.71667;47.5;4402
1;CH;;;;;;7.73333;47.4667;4410
1;CH;;;;;;7.71667;47.45;4411
1;CH;;;;;;7.75;47.5;4414
1;CH;;;;;;7.75;47.4667;4415
1;CH;;;;;;7.73333;47.45;4416
1;CH;;;;;;7.68333;47.4;4418
1;CH;;;;;;7.76667;47.5167;4422
1;CH;;;;;;7.71667;47.4;4425
1;CH;;;;;;7.76667;47.4167;4434
1;CH;;;;;;7.75;47.3833;4437
1;CH;;;;;;7.75;47.35;4438
1;CH;;;;;;7.85;47.4;4448
1;CH;;;;;;7.8;47.4667;4450
1;CH;;;;;;7.8;47.4333;4455
1;CH;;;;;;7.8;47.4167;4457
1;CH;;;;;;7.81667;47.3833;4458
1;CH;;;;;;7.85;47.4667;4460
1;CH;;;;;;7.86667;47.5167;4463
1;CH;;;;;;7.83333;47.5167;4464
1;CH;;;;;;7.86667;47.4667;4465
1;CH;;;;;;7.86667;47.4667;4466
1;CH;;;;;;7.88333;47.45;4492
1;CH;;;;;;7.9;47.4167;4495
1;CH;;;;;;7.88333;47.4333;4497
1;CH;;;;;;7.51667;47.2333;4500
1;CH;;;;;;7.51667;47.2333;4501
1;CH;;;;;;7.51667;47.2333;4502
1;CH;;;;;;7.51667;47.2333;4503
1;CH;;;;;;7.51667;47.2333;4509
1;CH;;;;;;7.56667;47.2;4528
1;CH;;;;;;7.55;47.2167;4532
1;CH;;;;;;7.56667;47.2167;4533
1;CH;;;;;;7.6;47.2333;4536
1;CH;;;;;;7.65;47.25;4537
1;CH;;;;;;7.66667;47.25;4538
1;CH;;;;;;8.45;47.0833;4542
1;CH;;;;;;7.61667;47.2167;4543
1;CH;;;;;;7.58333;47.2;4552
1;CH;;;;;;7.61667;47.2;4553
1;CH;;;;;;7.55;47.1833;4562
1;CH;;;;;;7.56667;47.1667;4563
1;CH;;;;;;7.56667;47.1667;4564
1;CH;;;;;;7.6;47.1833;4566
1;CH;;;;;;8.16667;46.9;4566
1;CH;;;;;;7.46667;47.15;4577
1;CH;;;;;;7.5;47.1333;4581
1;CH;;;;;;7.91667;47.35;4600
1;CH;;;;;;7.91667;47.35;4601
1;CH;;;;;;7.91667;47.35;4603
1;CH;;;;;;7.83333;47.3333;4614
1;CH;;;;;;7.81667;47.3167;4617
1;CH;;;;;;7.76667;47.3167;4622
1;CH;;;;;;7.75;47.3;4625
1;CH;;;;;;7.75;47.2833;4626
1;CH;;;;;;7.78333;47.2667;4628
1;CH;;;;;;7.83333;47.2667;4629
1;CH;;;;;;7.9;47.3667;4632
1;CH;;;;;;7.86667;47.3667;4633
1;CH;;;;;;7.95;47.35;4653
1;CH;;;;;;7.95;47.3833;4654
1;CH;;;;;;7.9;47.3167;4663
1;CH;;;;;;7.91667;47.3167;4665
1;CH;;;;;;7.73333;47.2833;4702
1;CH;;;;;;7.68333;47.2667;4704
1;CH;;;;;;7.68333;47.3167;4710
1;CH;;;;;;7.65;47.3167;4712
1;CH;;;;;;7.61667;47.3;4713
1;CH;;;;;;7.6;47.3;4714
1;CH;;;;;;7.58333;47.3;4715
1;CH;;;;;;7.53333;47.2833;4716
1;CH;;;;;;7.46667;47.25;4716
1;CH;;;;;;7.7;47.35;4717
1;CH;;;;;;7.65;47.35;4719
1;CH;;;;;;7.93333;47.2833;4800
1;CH;;;;;;7.91667;47.2667;4802
1;CH;;;;;;7.88333;47.2667;4803
1;CH;;;;;;7.95;47.25;4805
1;CH;;;;;;7.96667;47.2667;4806
1;CH;;;;;;8.01667;47.3;4813
1;CH;;;;;;8;47.2833;4814
1;CH;;;;;;7.9;47.3;4852
1;CH;;;;;;7.81667;47.2667;4853
1;CH;;;;;;7.78333;47.2167;4900
1;CH;;;;;;7.78333;47.2167;4901
1;CH;;;;;;7.78333;47.2167;4902
1;CH;;;;;;7.78333;47.2167;4903
1;CH;;;;;;7.75;47.2333;4912
1;CH;;;;;;7.71667;47.2333;4913
1;CH;;;;;;7.83333;47.1833;4917
1;CH;;;;;;7.58333;47.2;4922
1;CH;;;;;;7.75;47.2167;4922
1;CH;;;;;;7.8;47.2667;4923
1;CH;;;;;;7.78333;47.1833;4932
1;CH;;;;;;7.78333;47.1667;4934
1;CH;;;;;;7.78333;47.1333;4936
1;CH;;;;;;7.76667;47.1333;4937
1;CH;;;;;;7.8;47.1333;4938
1;CH;;;;;;7.85;47.1167;4950
1;CH;;;;;;7.85;47.0833;4952
1;CH;;;;;;7.81667;47.0833;4954
1;CH;;;;;;7.86667;47.1333;4955
1;CH;;;;;;8.05;47.3833;5000
1;CH;;;;;;8.05;47.3833;5001
1;CH;;;;;;8.05;47.3833;5004
1;CH;;;;;;8;47.3667;5012
1;CH;;;;;;7.96667;47.3667;5013
1;CH;;;;;;8;47.4;5015
1;CH;;;;;;8;47.4;5016
1;CH;;;;;;8;47.4;5018
1;CH;;;;;;8.05;47.4167;5024
1;CH;;;;;;8.05;47.45;5026
1;CH;;;;;;8.08333;47.3667;5034
1;CH;;;;;;8.03333;47.35;5036
1;CH;;;;;;8.05;47.3333;5037
1;CH;;;;;;8.05;47.3;5040
1;CH;;;;;;8.08333;47.2833;5044
1;CH;;;;;;8.05;47.2667;5053
1;CH;;;;;;8.05;47.2667;5054
1;CH;;;;;;7.98333;47.45;5063
1;CH;;;;;;7.98333;47.4833;5064
1;CH;;;;;;8.01667;47.5;5070
1;CH;;;;;;8;47.5;5073
1;CH;;;;;;7.98333;47.5333;5074
1;CH;;;;;;8.08333;47.5;5075
1;CH;;;;;;8.08333;47.4833;5076
1;CH;;;;;;8.11667;47.4833;5078
1;CH;;;;;;8.08333;47.4667;5079
1;CH;;;;;;8.05;47.5667;5080
1;CH;;;;;;8.03333;47.5333;5082
1;CH;;;;;;8.05;47.5167;5083
1;CH;;;;;;8.13333;47.4167;5102
1;CH;;;;;;8.16667;47.3833;5103
1;CH;;;;;;8.13333;47.4167;5105
1;CH;;;;;;8.13333;47.45;5107
1;CH;;;;;;8.16667;47.4333;5116
1;CH;;;;;;8.23333;47.4667;5210
1;CH;;;;;;8.16667;47.4667;5213
1;CH;;;;;;8.2;47.5167;5233
1;CH;;;;;;8.21667;47.5167;5234
1;CH;;;;;;8.2;47.4333;5242
1;CH;;;;;;8.18333;47.4667;5245
1;CH;;;;;;8.1;47.5667;5275
1;CH;;;;;;8.25;47.4833;5300
1;CH;;;;;;8.26667;47.5333;5303
1;CH;;;;;;8.28333;47.5333;5304
1;CH;;;;;;8.28333;47.5667;5306
1;CH;;;;;;8.25;47.5667;5312
1;CH;;;;;;8.25;47.5833;5313
1;CH;;;;;;8.21667;47.55;5315
1;CH;;;;;;8.23333;47.6167;5322
1;CH;;;;;;8.18333;47.5833;5325
1;CH;;;;;;8.13333;47.5833;5326
1;CH;;;;;;8.3;47.6;5330
1;CH;;;;;;8.3;47.4667;5400
1;CH;;;;;;8.3;47.4667;5401
1;CH;;;;;;8.3;47.4667;5402
1;CH;;;;;;8.3;47.4667;5403
1;CH;;;;;;8.3;47.4667;5404
1;CH;;;;;;8.3;47.4667;5405
1;CH;;;;;;8.3;47.4667;5406
1;CH;;;;;;8.23333;47.4667;5412
1;CH;;;;;;8.25;47.5;5417
1;CH;;;;;;8.33333;47.5;5424
1;CH;;;;;;8.31667;47.4667;5430
1;CH;;;;;;8.31667;47.45;5432
1;CH;;;;;;8.36667;47.45;5436
1;CH;;;;;;8.3;47.4167;5443
1;CH;;;;;;8.31667;47.3833;5444
1;CH;;;;;;8.33333;47.3667;5445
1;CH;;;;;;8.36667;47.55;5462
1;CH;;;;;;8.13333;47.3833;5503
1;CH;;;;;;8.21667;47.4;5504
1;CH;;;;;;8.26667;47.4167;5507
1;CH;;;;;;8.18333;47.3833;5600
1;CH;;;;;;8.16667;47.3833;5603
1;CH;;;;;;8.21667;47.3833;5604
1;CH;;;;;;8.23333;47.3833;5605
1;CH;;;;;;8.25;47.3833;5607
1;CH;;;;;;8.25;47.35;5612
1;CH;;;;;;8.25;47.3167;5614
1;CH;;;;;;8.23333;47.3;5615
1;CH;;;;;;8.23333;47.3;5616
1;CH;;;;;;8.3;47.3333;5622
1;CH;;;;;;8.36667;47.2833;5628
1;CH;;;;;;8.33333;47.2667;5632
1;CH;;;;;;8.36667;47.25;5634
1;CH;;;;;;8.38333;47.2333;5642
1;CH;;;;;;8.38333;47.2;5643
1;CH;;;;;;8.36667;47.2167;5644
1;CH;;;;;;8.36667;47.1833;5645
1;CH;;;;;;8.38333;47.1667;5647
1;CH;;;;;;8.18333;47.4;5702
1;CH;;;;;;8.15;47.35;5703
1;CH;;;;;;8.18333;47.35;5704
1;CH;;;;;;8.18333;47.3167;5705
1;CH;;;;;;8.18333;47.3167;5706
1;CH;;;;;;8.21667;47.3333;5707
1;CH;;;;;;8.2;47.2833;5708
1;CH;;;;;;8.1;47.35;5722
1;CH;;;;;;8.15;47.3333;5724
1;CH;;;;;;8.16667;47.3167;5725
1;CH;;;;;;8.11667;47.3167;5726
1;CH;;;;;;8.13333;47.2667;5728
1;CH;;;;;;8.18333;47.25;5737
1;CH;;;;;;8.01667;47.3333;5742
1;CH;;;;;;7.98333;47.3167;5745
1;CH;;;;;;8.26667;47.0833;6000
1;CH;;;;;;8.26667;47.0833;6002
1;CH;;;;;;8.26667;47.0833;6003
1;CH;;;;;;8.26667;47.0833;6004
1;CH;;;;;;8.26667;47.0833;6005
1;CH;;;;;;8.26667;47.0833;6006
1;CH;;;;;;8.26667;47.0833;6007
1;CH;;;;;;8.26667;47.0833;6009
1;CH;;;;;;8.28333;47.0333;6010
1;CH;;;;;;8.28333;47.0333;6011
1;CH;;;;;;8.21667;47.0167;6013
1;CH;;;;;;8.25;47.05;6014
1;CH;;;;;;8.2;47.0667;6016
1;CH;;;;;;8.11667;47.0833;6017
1;CH;;;;;;8.1;47.1;6018
1;CH;;;;;;8.26667;47.0667;6020
1;CH;;;;;;8.05;47.1333;6022
1;CH;;;;;;8.23333;47.15;6024
1;CH;;;;;;8.2;47.1667;6025
1;CH;;;;;;8.33333;47.0833;6030
1;CH;;;;;;8.33333;47.0833;6031
1;CH;;;;;;8.3;47.0833;6032
1;CH;;;;;;8.35;47.1;6033
1;CH;;;;;;8.33333;47.1167;6034
1;CH;;;;;;8.36667;47.1167;6035
1;CH;;;;;;8.38333;47.0833;6037
1;CH;;;;;;8.4;47.15;6042
1;CH;;;;;;8.36667;47.0667;6043
1;CH;;;;;;8.4;47.1;6044
1;CH;;;;;;8.38333;47.05;6045
1;CH;;;;;;8.33333;47.0167;6047
1;CH;;;;;;8.3;47.0167;6048
1;CH;;;;;;8.28333;46.9667;6053
1;CH;;;;;;8.23333;46.9;6060
1;CH;;;;;;8.28333;46.9;6064
1;CH;;;;;;8.28333;46.85;6067
1;CH;;;;;;8.23333;46.8667;6072
1;CH;;;;;;8.18333;46.8333;6074
1;CH;;;;;;8.16667;46.8;6078
1;CH;;;;;;8.18333;47.0333;6102
1;CH;;;;;;8.1;47.05;6106
1;CH;;;;;;8.06667;47.05;6110
1;CH;;;;;;8.05;47.0167;6112
1;CH;;;;;;8.03333;47.0833;6122
1;CH;;;;;;7.98333;47.1167;6130
1;CH;;;;;;7.96667;47.1333;6142
1;CH;;;;;;7.95;47.1667;6143
1;CH;;;;;;7.9;47.1167;6153
1;CH;;;;;;7.91667;47.0667;6156
1;CH;;;;;;8.05;46.9667;6162
1;CH;;;;;;8.01667;46.95;6170
1;CH;;;;;;8.01667;46.8333;6174
1;CH;;;;;;7.93333;46.9167;6182
1;CH;;;;;;8.51667;46.6667;6192
1;CH;;;;;;7.9;46.8833;6196
1;CH;;;;;;7.85;46.8333;6197
1;CH;;;;;;7.9;46.8;6197
1;CH;;;;;;8.16667;47.15;6205
1;CH;;;;;;8.2;47.1;6206
1;CH;;;;;;8.13333;47.1333;6207
1;CH;;;;;;8.1;47.1667;6210
1;CH;;;;;;8.06667;47.2;6213
1;CH;;;;;;8.13333;47.1667;6214
1;CH;;;;;;8.18333;47.2;6215
1;CH;;;;;;8.06667;47.1667;6216
1;CH;;;;;;8.01667;47.15;6218
1;CH;;;;;;8.18333;47.2167;6222
1;CH;;;;;;8.1;47.2;6232
1;CH;;;;;;8.1;47.2167;6233
1;CH;;;;;;8.08333;47.2333;6234
1;CH;;;;;;8.05;47.2333;6235
1;CH;;;;;;8.01667;47.1833;6242
1;CH;;;;;;7.96667;47.1833;6244
1;CH;;;;;;7.96667;47.2;6246
1;CH;;;;;;7.98333;47.1667;6247
1;CH;;;;;;8;47.15;6248
1;CH;;;;;;7.98333;47.2167;6252
1;CH;;;;;;8.01667;47.2167;6253
1;CH;;;;;;7.96667;47.25;6260
1;CH;;;;;;7.93333;47.2167;6263
1;CH;;;;;;7.9;47.2333;6264
1;CH;;;;;;8.31667;47.15;6275
1;CH;;;;;;8.31667;47.1833;6276
1;CH;;;;;;8.28333;47.1667;6280
1;CH;;;;;;8.28333;47.1667;6281
1;CH;;;;;;8.25;47.1667;6284
1;CH;;;;;;8.26667;47.2333;6285
1;CH;;;;;;8.25;47.2667;6288
1;CH;;;;;;8.28333;47.2333;6289
1;CH;;;;;;8.53333;47.1333;6300
1;CH;;;;;;8.51667;47.1667;6300
1;CH;;;;;;8.51667;47.1667;6301
1;CH;;;;;;8.51667;47.1667;6302
1;CH;;;;;;8.51667;47.1667;6303
1;CH;;;;;;8.51667;47.1667;6304
1;CH;;;;;;8.46667;47.2;6312
1;CH;;;;;;8.58333;47.1833;6313
1;CH;;;;;;8.58333;47.1333;6314
1;CH;;;;;;8.61667;47.1;6315
1;CH;;;;;;8.51667;47.1;6318
1;CH;;;;;;8.46667;47.1833;6330
1;CH;;;;;;8.41667;47.1667;6331
1;CH;;;;;;8.51667;47.2;6340
1;CH;;;;;;8.58333;47.1833;6340
1;CH;;;;;;8.51667;47.2;6341
1;CH;;;;;;8.51667;47.2;6342
1;CH;;;;;;7.33333;46.4167;6343
1;CH;;;;;;8.43333;47.15;6343
1;CH;;;;;;8.45;47.1333;6343
1;CH;;;;;;8.43333;47.1167;6344
1;CH;;;;;;8.58333;47.2;6345
1;CH;;;;;;8.43333;47.0333;6353
1;CH;;;;;;8.4;47.0333;6353
1;CH;;;;;;8.48333;47.0167;6354
1;CH;;;;;;8.46667;47.05;6356
1;CH;;;;;;8.33333;46.9667;6362
1;CH;;;;;;8.41667;47;6363
1;CH;;;;;;8.36667;46.9833;6365
1;CH;;;;;;8.35;46.9667;6370
1;CH;;;;;;8.35;46.9667;6371
1;CH;;;;;;8.33333;46.9833;6373
1;CH;;;;;;8.41667;46.9667;6374
1;CH;;;;;;8.46667;46.9667;6375
1;CH;;;;;;8.51667;46.9667;6376
1;CH;;;;;;8.58333;46.9667;6377
1;CH;;;;;;8.43333;46.9167;6383
1;CH;;;;;;8.38333;46.9167;6383
1;CH;;;;;;8.4;46.9167;6386
1;CH;;;;;;8.41667;46.8833;6387
1;CH;;;;;;8.36667;46.8667;6388
1;CH;;;;;;8.41667;46.8333;6390
1;CH;;;;;;8.41667;46.8333;6391
1;CH;;;;;;8.43333;47.0833;6403
1;CH;;;;;;8.43333;47.05;6404
1;CH;;;;;;8.46667;47.1;6405
1;CH;;;;;;8.51667;47.0167;6410
1;CH;;;;;;8.55;47.05;6410
1;CH;;;;;;8.51667;47.0667;6415
1;CH;;;;;;8.58333;47.05;6416
1;CH;;;;;;8.63333;47.0833;6417
1;CH;;;;;;8.68333;47.1;6418
1;CH;;;;;;8.6;47.05;6422
1;CH;;;;;;8.58333;47.0333;6424
1;CH;;;;;;8.65;47.0167;6430
1;CH;;;;;;8.65;47.0167;6431
1;CH;;;;;;8.73333;46.9833;6434
1;CH;;;;;;8.76667;46.9667;6436
1;CH;;;;;;8.65;47.0167;6438
1;CH;;;;;;8.6;46.9833;6440
1;CH;;;;;;8.58333;46.9667;6441
1;CH;;;;;;8.53333;46.9833;6442
1;CH;;;;;;8.63333;46.9833;6443
1;CH;;;;;;8.66667;46.95;6452
1;CH;;;;;;8.61667;46.95;6452
1;CH;;;;;;8.55;46.9167;6461
1;CH;;;;;;8.73333;46.8833;6464
1;CH;;;;;;8.76667;46.8667;6465
1;CH;;;;;;8.58333;46.9333;6466
1;CH;;;;;;8.65;46.8667;6467
1;CH;;;;;;8.61667;46.8667;6468
1;CH;;;;;;8.63333;46.8167;6472
1;CH;;;;;;8.66667;46.7833;6473
1;CH;;;;;;8.66667;46.7667;6474
1;CH;;;;;;8.68333;46.7667;6475
1;CH;;;;;;8.66667;46.7667;6476
1;CH;;;;;;8.63333;46.75;6482
1;CH;;;;;;8.58333;46.6667;6487
1;CH;;;;;;8.6;46.6333;6490
1;CH;;;;;;8.5;46.6;6491
1;CH;;;;;;8.56667;46.6167;6493
1;CH;;;;;;9.01667;46.2;6500
1;CH;;;;;;9.01667;46.2;6501
1;CH;;;;;;9.01667;46.2;6503
1;CH;;;;;;9;46.1667;6512
1;CH;;;;;;9;46.1833;6513
1;CH;;;;;;8.98333;46.1833;6514
1;CH;;;;;;8.88333;46.1667;6516
1;CH;;;;;;9.05;46.2;6517
1;CH;;;;;;9.01667;46.2167;6518
1;CH;;;;;;8.98333;46.2667;6524
1;CH;;;;;;9.01667;46.2333;6525
1;CH;;;;;;8.98333;46.2833;6526
1;CH;;;;;;8.96667;46.3;6527
1;CH;;;;;;9;46.15;6528
1;CH;;;;;;9.03333;46.2333;6532
1;CH;;;;;;9.06667;46.2167;6533
1;CH;;;;;;9.15;46.25;6537
1;CH;;;;;;9.15;46.2667;6538
1;CH;;;;;;9.11667;46.2667;6542
1;CH;;;;;;9.11667;46.3;6543
1;CH;;;;;;9.11667;46.3167;6545
1;CH;;;;;;9.11667;46.3333;6546
1;CH;;;;;;9.11667;46.3667;6547
1;CH;;;;;;9.13333;46.3667;6548
1;CH;;;;;;9.1;46.2167;6549
1;CH;;;;;;9.16667;46.2667;6556
1;CH;;;;;;9.16667;46.2667;6557
1;CH;;;;;;9.2;46.3333;6558
1;CH;;;;;;9.2;46.3;6558
1;CH;;;;;;9.21667;46.35;6562
1;CH;;;;;;9.23333;46.3833;6563
1;CH;;;;;;8.81667;46.1;6571
1;CH;;;;;;8.88333;46.15;6572
1;CH;;;;;;8.86667;46.15;6573
1;CH;;;;;;8.81667;46.1333;6575
1;CH;;;;;;8.76667;46.1;6578
1;CH;;;;;;8.81667;46.1333;6579
1;CH;;;;;;9.03333;46.1667;6582
1;CH;;;;;;9.08333;46.1667;6584
1;CH;;;;;;8.95;46.15;6593
1;CH;;;;;;8.93333;46.15;6594
1;CH;;;;;;8.85;46.1833;6596
1;CH;;;;;;8.85;46.1833;6598
1;CH;;;;;;8.91667;46.1333;6599
1;CH;;;;;;8.8;46.1667;6600
1;CH;;;;;;8.78333;46.1667;6600
1;CH;;;;;;8.8;46.1667;6601
1;CH;;;;;;8.8;46.1667;6604
1;CH;;;;;;8.8;46.1667;6605
1;CH;;;;;;8.61667;46.2167;6611
1;CH;;;;;;8.63333;46.1833;6611
1;CH;;;;;;8.61667;46.2167;6611
1;CH;;;;;;8.76667;46.15;6612
1;CH;;;;;;8.73333;46.1333;6613
1;CH;;;;;;8.71667;46.1167;6614
1;CH;;;;;;8.71667;46.1;6614
1;CH;;;;;;8.75;46.1333;6616
1;CH;;;;;;8.75;46.1667;6618
1;CH;;;;;;8.73333;46.15;6622
1;CH;;;;;;8.83333;46.2333;6631
1;CH;;;;;;8.83333;46.25;6633
1;CH;;;;;;8.8;46.3333;6636
1;CH;;;;;;8.78333;46.35;6637
1;CH;;;;;;8.83333;46.1833;6646
1;CH;;;;;;8.85;46.2;6647
1;CH;;;;;;8.81667;46.1833;6648
1;CH;;;;;;8.73333;46.1833;6652
1;CH;;;;;;8.73333;46.1833;6653
1;CH;;;;;;8.7;46.1667;6655
1;CH;;;;;;8.63333;46.1667;6655
1;CH;;;;;;8.63333;46.15;6657
1;CH;;;;;;8.63333;46.1667;6658
1;CH;;;;;;8.68333;46.2;6661
1;CH;;;;;;8.66667;46.2;6661
1;CH;;;;;;8.85;46.2167;6661
1;CH;;;;;;8.58333;46.2;6663
1;CH;;;;;;8.56667;46.2;6663
1;CH;;;;;;8.61667;46.2167;6664
1;CH;;;;;;8.73333;46.2;6670
1;CH;;;;;;8.75;46.2167;6672
1;CH;;;;;;8.75;46.15;6673
1;CH;;;;;;8.66667;46.2833;6674
1;CH;;;;;;8.63333;46.2833;6674
1;CH;;;;;;8.6;46.3167;6675
1;CH;;;;;;8.61667;46.35;6676
1;CH;;;;;;8.7;46.2333;6677
1;CH;;;;;;8.68333;46.2333;6677
1;CH;;;;;;8.68333;46.25;6678
1;CH;;;;;;8.68333;46.2833;6678
1;CH;;;;;;8.55;46.3;6683
1;CH;;;;;;8.5;46.2833;6684
1;CH;;;;;;8.6;46.35;6690
1;CH;;;;;;8.63333;46.35;6692
1;CH;;;;;;8.66667;46.3833;6693
1;CH;;;;;;8.65;46.4;6695
1;CH;;;;;;8.65;46.4333;6696
1;CH;;;;;;9.03333;46.25;6702
1;CH;;;;;;8.98333;46.3167;6703
1;CH;;;;;;9;46.2667;6705
1;CH;;;;;;8.96667;46.3167;6707
1;CH;;;;;;8.96667;46.35;6710
1;CH;;;;;;8.98333;46.4;6713
1;CH;;;;;;8.95;46.4333;6715
1;CH;;;;;;8.95;46.4667;6716
1;CH;;;;;;8.95;46.45;6716
1;CH;;;;;;8.95;46.4833;6717
1;CH;;;;;;8.95;46.5333;6718
1;CH;;;;;;8.95;46.5;6719
1;CH;;;;;;8.96667;46.4167;6721
1;CH;;;;;;8.91667;46.4667;6723
1;CH;;;;;;8.93333;46.4833;6723
1;CH;;;;;;8.93333;46.4833;6724
1;CH;;;;;;8.9;46.3667;6744
1;CH;;;;;;8.88333;46.3833;6745
1;CH;;;;;;8.83333;46.45;6746
1;CH;;;;;;8.83333;46.4167;6747
1;CH;;;;;;8.88333;46.4333;6748
1;CH;;;;;;8.91667;46.4;6749
1;CH;;;;;;8.8;46.4833;6760
1;CH;;;;;;8.83333;46.4667;6760
1;CH;;;;;;8.8;46.4667;6760
1;CH;;;;;;8.78333;46.4833;6763
1;CH;;;;;;8.81667;46.4667;6764
1;CH;;;;;;8.76667;46.4667;6774
1;CH;;;;;;8.68333;46.5;6775
1;CH;;;;;;8.68333;46.5167;6776
1;CH;;;;;;8.71667;46.5167;6777
1;CH;;;;;;8.6;46.5333;6780
1;CH;;;;;;8.5;46.5;6781
1;CH;;;;;;8.46667;46.4833;6781
1;CH;;;;;;8.93333;46.1;6804
1;CH;;;;;;8.91667;46.0833;6805
1;CH;;;;;;8.91667;46.0833;6806
1;CH;;;;;;8.93333;46.0667;6807
1;CH;;;;;;8.93333;46.1167;6809
1;CH;;;;;;8.98333;46.1333;6810
1;CH;;;;;;8.9;46.0333;6814
1;CH;;;;;;8.95;45.95;6815
1;CH;;;;;;8.96667;45.95;6816
1;CH;;;;;;8.98333;45.9167;6817
1;CH;;;;;;9;45.9333;6818
1;CH;;;;;;8.98333;45.9167;6821
1;CH;;;;;;8.96667;45.95;6822
1;CH;;;;;;8.98333;45.9;6825
1;CH;;;;;;8.93333;45.9333;6827
1;CH;;;;;;9;45.85;6828
1;CH;;;;;;9.03333;45.8333;6830
1;CH;;;;;;9.01667;45.8333;6832
1;CH;;;;;;9.03333;45.85;6833
1;CH;;;;;;9.03333;45.85;6834
1;CH;;;;;;9.03333;45.8667;6835
1;CH;;;;;;9.05;45.9;6838
1;CH;;;;;;8.98333;45.8667;6850
1;CH;;;;;;8.95;45.85;6852
1;CH;;;;;;8.95;45.8667;6853
1;CH;;;;;;8.93333;45.85;6855
1;CH;;;;;;8.93333;45.8833;6864
1;CH;;;;;;8.95;45.9;6866
1;CH;;;;;;8.63333;46.55;6875
1;CH;;;;;;9.03333;45.8833;6875
1;CH;;;;;;8.96667;45.8333;6883
1;CH;;;;;;8.95;46.0167;6900
1;CH;;;;;;9;45.9667;6900
1;CH;;;;;;9;45.9667;6901
1;CH;;;;;;9;45.9667;6903
1;CH;;;;;;8.91667;45.9167;6922
1;CH;;;;;;8.93333;46;6924
1;CH;;;;;;8.91667;45.9833;6926
1;CH;;;;;;8.91667;45.9667;6927
1;CH;;;;;;8.9;46.0333;6928
1;CH;;;;;;8.9;46.05;6929
1;CH;;;;;;8.88333;46.0167;6934
1;CH;;;;;;8.88333;46.0333;6937
1;CH;;;;;;8.9;46.05;6939
1;CH;;;;;;8.88333;46.05;6939
1;CH;;;;;;8.93333;46.0333;6949
1;CH;;;;;;8.96667;46.0667;6950
1;CH;;;;;;9.06667;46.1;6951
1;CH;;;;;;9.05;46.1;6951
1;CH;;;;;;8.95;46.0333;6952
1;CH;;;;;;8.95;46.0667;6954
1;CH;;;;;;8.98333;46.0667;6955
1;CH;;;;;;8.98333;46.0833;6958
1;CH;;;;;;9.05;46.0833;6959
1;CH;;;;;;9.01667;46.0833;6959
1;CH;;;;;;9.06667;46.0833;6959
1;CH;;;;;;8.98333;46.0167;6962
1;CH;;;;;;8.96667;46.0333;6963
1;CH;;;;;;8.98333;46.05;6965
1;CH;;;;;;8.98333;46.05;6967
1;CH;;;;;;8.98333;46.0667;6968
1;CH;;;;;;9;46;6976
1;CH;;;;;;9;46;6978
1;CH;;;;;;9;46.0167;6979
1;CH;;;;;;8.85;46;6981
1;CH;;;;;;8.85;45.9833;6982
1;CH;;;;;;8.86667;45.9667;6984
1;CH;;;;;;8.85;46.0167;6986
1;CH;;;;;;8.86667;46.0167;6986
1;CH;;;;;;8.88333;45.9667;6987
1;CH;;;;;;8.86667;46;6993
1;CH;;;;;;8.81667;46;6997
1;CH;;;;;;8.81667;46.0167;6999
1;CH;;;;;;9.5;46.85;7000
1;CH;;;;;;9.5;46.85;7001
1;CH;;;;;;9.5;46.85;7002
1;CH;;;;;;9.5;46.85;7004
1;CH;;;;;;9.5;46.85;7005
1;CH;;;;;;9.5;46.85;7006
1;CH;;;;;;9.5;46.85;7007
1;CH;;;;;;9.48333;46.85;7012
1;CH;;;;;;9.4;46.8333;7015
1;CH;;;;;;9.28333;46.8333;7017
1;CH;;;;;;9.28333;46.8333;7018
1;CH;;;;;;9.3;46.85;7019
1;CH;;;;;;9.51667;46.8833;7023
1;CH;;;;;;9.55;46.8333;7026
1;CH;;;;;;9.6;46.85;7027
1;CH;;;;;;9.66667;46.8333;7029
1;CH;;;;;;9.66667;46.7833;7050
1;CH;;;;;;9.7;46.8333;7057
1;CH;;;;;;9.56667;46.8167;7063
1;CH;;;;;;9.6;46.8167;7064
1;CH;;;;;;9.53333;46.8;7074
1;CH;;;;;;9.53333;46.7833;7075
1;CH;;;;;;9.55;46.7667;7076
1;CH;;;;;;9.13333;46.4;7077
1;CH;;;;;;9.33333;46.8;7104
1;CH;;;;;;9.33333;46.75;7106
1;CH;;;;;;9.3;46.6833;7107
1;CH;;;;;;9.28333;46.6333;7109
1;CH;;;;;;9.21667;46.7167;7111
1;CH;;;;;;9.21667;46.7167;7112
1;CH;;;;;;9.26667;46.7833;7122
1;CH;;;;;;9.3;46.8;7122
1;CH;;;;;;9.21667;46.7667;7127
1;CH;;;;;;9.23333;46.7333;7128
1;CH;;;;;;9.2;46.7667;7130
1;CH;;;;;;9.15;46.7667;7137
1;CH;;;;;;9.15;46.75;7138
1;CH;;;;;;9.18333;46.7667;7141
1;CH;;;;;;9.18333;46.7333;7143
1;CH;;;;;;9.15;46.7;7147
1;CH;;;;;;9.13333;46.6833;7148
1;CH;;;;;;9.1;46.65;7149
1;CH;;;;;;9.25;46.8;7152
1;CH;;;;;;9.21667;46.8;7153
1;CH;;;;;;9.2;46.7833;7154
1;CH;;;;;;9.2;46.8;7155
1;CH;;;;;;9.15;46.7833;7156
1;CH;;;;;;9.05;46.75;7162
1;CH;;;;;;9.05;46.75;7163
1;CH;;;;;;8.98333;46.75;7166
1;CH;;;;;;9;46.7333;7167
1;CH;;;;;;8.95;46.7;7172
1;CH;;;;;;8.86667;46.6833;7184
1;CH;;;;;;8.85;46.65;7185
1;CH;;;;;;8.78333;46.6833;7188
1;CH;;;;;;8.68333;46.75;7189
1;CH;;;;;;9.55;46.9;7203
1;CH;;;;;;9.53333;46.9333;7204
1;CH;;;;;;9.56667;46.9333;7205
1;CH;;;;;;9.58333;46.95;7206
1;CH;;;;;;9.56667;46.95;7207
1;CH;;;;;;9.63333;46.9833;7212
1;CH;;;;;;9.6;46.95;7213
1;CH;;;;;;9.63333;46.9667;7214
1;CH;;;;;;9.65;46.9833;7215
1;CH;;;;;;9.68333;46.9667;7220
1;CH;;;;;;9.7;46.9833;7228
1;CH;;;;;;9.73333;46.9833;7228
1;CH;;;;;;9.66667;46.9333;7232
1;CH;;;;;;9.7;46.9333;7233
1;CH;;;;;;9.73333;46.9167;7235
1;CH;;;;;;9.75;46.9;7240
1;CH;;;;;;9.75;46.9167;7242
1;CH;;;;;;9.76667;46.9333;7243
1;CH;;;;;;9.8;46.95;7245
1;CH;;;;;;9.83333;46.8833;7249
1;CH;;;;;;9.91667;46.8667;7250
1;CH;;;;;;9.86667;46.8667;7250
1;CH;;;;;;9.86667;46.8833;7252
1;CH;;;;;;9.83333;46.8167;7260
1;CH;;;;;;9.83333;46.8167;7270
1;CH;;;;;;9.56667;46.95;7302
1;CH;;;;;;9.53333;46.9667;7303
1;CH;;;;;;9.53333;47.0167;7304
1;CH;;;;;;9.51667;47.0167;7306
1;CH;;;;;;9.56667;47;7307
1;CH;;;;;;9.5;47;7310
1;CH;;;;;;9.43333;46.9167;7315
1;CH;;;;;;9.48333;46.9667;7317
1;CH;;;;;;9.46667;46.95;7317
1;CH;;;;;;9.43333;47.05;7320
1;CH;;;;;;9.43333;47.0333;7323
1;CH;;;;;;9.45;47.0167;7324
1;CH;;;;;;9.33333;46.9833;7326
1;CH;;;;;;9.4;46.8167;7402
1;CH;;;;;;9.4;46.8;7403
1;CH;;;;;;9.41667;46.7667;7405
1;CH;;;;;;9.43333;46.7167;7408
1;CH;;;;;;9.41667;46.75;7408
1;CH;;;;;;9.45;46.7;7411
1;CH;;;;;;9.46667;46.7167;7412
1;CH;;;;;;9.45;46.7167;7413
1;CH;;;;;;9.43333;46.7333;7415
1;CH;;;;;;9.45;46.7667;7417
1;CH;;;;;;9.45;46.75;7417
1;CH;;;;;;9.45;46.7833;7419
1;CH;;;;;;9.41667;46.7167;7422
1;CH;;;;;;9.4;46.7333;7423
1;CH;;;;;;9.4;46.7333;7424
1;CH;;;;;;9.4;46.7;7426
1;CH;;;;;;9.4;46.7;7427
1;CH;;;;;;9.36667;46.6833;7428
1;CH;;;;;;9.43333;46.6833;7430
1;CH;;;;;;9.43333;46.6667;7430
1;CH;;;;;;9.48333;46.6667;7431
1;CH;;;;;;9.45;46.6333;7432
1;CH;;;;;;9.4;46.6333;7433
1;CH;;;;;;9.41667;46.6333;7433
1;CH;;;;;;9.4;46.6333;7433
1;CH;;;;;;9.36667;46.5667;7434
1;CH;;;;;;9.31667;46.55;7435
1;CH;;;;;;9.28333;46.5333;7436
1;CH;;;;;;9.25;46.5333;7437
1;CH;;;;;;9.2;46.5333;7438
1;CH;;;;;;9.43333;46.6;7440
1;CH;;;;;;9.41667;46.6167;7442
1;CH;;;;;;9.43333;46.6167;7443
1;CH;;;;;;9.43333;46.55;7444
1;CH;;;;;;9.43333;46.5167;7445
1;CH;;;;;;9.58333;46.45;7448
1;CH;;;;;;9.58333;46.65;7450
1;CH;;;;;;9.55;46.6833;7451
1;CH;;;;;;9.6;46.6167;7452
1;CH;;;;;;9.61667;46.5833;7453
1;CH;;;;;;9.61667;46.55;7454
1;CH;;;;;;9.61667;46.5167;7455
1;CH;;;;;;9.65;46.4833;7456
1;CH;;;;;;9.65;46.4667;7457
1;CH;;;;;;9.55;46.65;7458
1;CH;;;;;;9.53333;46.6667;7459
1;CH;;;;;;9.6;46.6;7460
1;CH;;;;;;9.58333;46.6333;7462
1;CH;;;;;;9.58333;46.6167;7463
1;CH;;;;;;9.61667;46.6667;7472
1;CH;;;;;;9.68333;46.6667;7477
1;CH;;;;;;9.76667;46.5833;7482
1;CH;;;;;;9.75;46.6333;7484
1;CH;;;;;;9.63333;46.6833;7492
1;CH;;;;;;9.86667;46.5333;7503
1;CH;;;;;;9.9;46.4833;7504
1;CH;;;;;;9.8;46.4667;7512
1;CH;;;;;;9.78333;46.45;7513
1;CH;;;;;;9.7;46.4;7516
1;CH;;;;;;9.95;46.6;7524
1;CH;;;;;;9.98333;46.6167;7525
1;CH;;;;;;10.0333;46.65;7527
1;CH;;;;;;10.1;46.7;7530
1;CH;;;;;;10.3667;46.6167;7533
1;CH;;;;;;10.3667;46.6333;7534
1;CH;;;;;;10.4333;46.6333;7537
1;CH;;;;;;10.1;46.7667;7543
1;CH;;;;;;10.15;46.7833;7545
1;CH;;;;;;10.2;46.7833;7546
1;CH;;;;;;10.3;46.8;7550
1;CH;;;;;;10.2833;46.7833;7552
1;CH;;;;;;10.25;46.7833;7553
1;CH;;;;;;10.35;46.8167;7554
1;CH;;;;;;10.3333;46.8167;7554
1;CH;;;;;;10.4667;46.8833;7560
1;CH;;;;;;9.66667;46.3833;7602
1;CH;;;;;;9.61667;46.35;7603
1;CH;;;;;;9.6;46.35;7604
1;CH;;;;;;9.56667;46.3333;7605
1;CH;;;;;;9.56667;46.3333;7606
1;CH;;;;;;9.51667;46.3333;7608
1;CH;;;;;;9.53333;46.3333;7610
1;CH;;;;;;10.0333;46.3833;7710
1;CH;;;;;;10.0667;46.4;7742
1;CH;;;;;;10.05;46.3333;7742
1;CH;;;;;;10.1167;46.2667;7743
1;CH;;;;;;10.1;46.2833;7743
1;CH;;;;;;10.1333;46.2333;7744
1;CH;;;;;;10.0833;46.3;7746
1;CH;;;;;;10.15;46.25;7747
1;CH;;;;;;10.1167;46.25;7748
1;CH;;;;;;8.55;47.3667;8000
1;CH;;;;;;8.55;47.3667;8001
1;CH;;;;;;8.55;47.3667;8002
1;CH;;;;;;8.55;47.3667;8003
1;CH;;;;;;8.55;47.3667;8004
1;CH;;;;;;8.55;47.3667;8005
1;CH;;;;;;8.55;47.3667;8006
1;CH;;;;;;8.55;47.3667;8008
1;CH;;;;;;8.55;47.3667;8020
1;CH;;;;;;8.55;47.3667;8021
1;CH;;;;;;8.55;47.3667;8022
1;CH;;;;;;8.55;47.3667;8023
1;CH;;;;;;8.55;47.3667;8024
1;CH;;;;;;8.55;47.3667;8025
1;CH;;;;;;8.55;47.3667;8026
1;CH;;;;;;8.55;47.3667;8027
1;CH;;;;;;8.55;47.3667;8028
1;CH;;;;;;8.55;47.3667;8029
1;CH;;;;;;8.55;47.3667;8030
1;CH;;;;;;8.55;47.3667;8031
1;CH;;;;;;8.55;47.3667;8032
1;CH;;;;;;8.55;47.3667;8033
1;CH;;;;;;8.55;47.3667;8034
1;CH;;;;;;8.55;47.3667;8035
1;CH;;;;;;8.55;47.3667;8036
1;CH;;;;;;8.55;47.3667;8037
1;CH;;;;;;8.55;47.3667;8038
1;CH;;;;;;8.55;47.3667;8039
1;CH;;;;;;8.55;47.3667;8040
1;CH;;;;;;8.55;47.3667;8041
1;CH;;;;;;8.55;47.3667;8042
1;CH;;;;;;8.55;47.3667;8043
1;CH;;;;;;8.55;47.3667;8044
1;CH;;;;;;8.55;47.3667;8045
1;CH;;;;;;8.55;47.3667;8046
1;CH;;;;;;8.55;47.3667;8047
1;CH;;;;;;8.55;47.3667;8048
1;CH;;;;;;8.55;47.3667;8049
1;CH;;;;;;8.55;47.3667;8050
1;CH;;;;;;8.55;47.3667;8051
1;CH;;;;;;8.55;47.3667;8052
1;CH;;;;;;8.55;47.3667;8053
1;CH;;;;;;8.55;47.3667;8055
1;CH;;;;;;8.55;47.3667;8056
1;CH;;;;;;8.55;47.3667;8057
1;CH;;;;;;8.55;47.3667;8060
1;CH;;;;;;8.55;47.3667;8061
1;CH;;;;;;8.55;47.3667;8063
1;CH;;;;;;8.55;47.3667;8064
1;CH;;;;;;8.55;47.3667;8065
1;CH;;;;;;8.55;47.3667;8066
1;CH;;;;;;8.55;47.3667;8079
1;CH;;;;;;8.55;47.3667;8087
1;CH;;;;;;8.55;47.3667;8091
1;CH;;;;;;8.45;47.4;8102
1;CH;;;;;;8.43333;47.4167;8103
1;CH;;;;;;8.46667;47.4333;8105
1;CH;;;;;;8.38333;47.4667;8112
1;CH;;;;;;8.63333;47.3667;8117
1;CH;;;;;;8.66667;47.3333;8124
1;CH;;;;;;8.61667;47.3333;8126
1;CH;;;;;;8.51667;47.3167;8134
1;CH;;;;;;8.48333;47.3167;8143
1;CH;;;;;;8.48333;47.35;8143
1;CH;;;;;;8.58333;47.4167;8152
1;CH;;;;;;8.58333;47.4333;8152
1;CH;;;;;;8.53333;47.45;8153
1;CH;;;;;;8.45;47.4833;8157
1;CH;;;;;;8.43333;47.4833;8158
1;CH;;;;;;8.43333;47.5167;8164
1;CH;;;;;;8.4;47.5;8165
1;CH;;;;;;8.36667;47.5167;8166
1;CH;;;;;;8.46667;47.5333;8175
1;CH;;;;;;8.53333;47.5167;8180
1;CH;;;;;;8.53333;47.5;8184
1;CH;;;;;;8.31667;47.0167;8185
1;CH;;;;;;8.5;47.55;8192
1;CH;;;;;;8.55;47.5667;8193
1;CH;;;;;;8.48333;47.6;8194
1;CH;;;;;;8.48333;47.5833;8195
1;CH;;;;;;8.53333;47.6167;8197
1;CH;;;;;;8.63333;47.7;8200
1;CH;;;;;;8.63333;47.7;8201
1;CH;;;;;;8.63333;47.7;8202
1;CH;;;;;;8.63333;47.7;8203
1;CH;;;;;;8.63333;47.7;8204
1;CH;;;;;;8.63333;47.7;8205
1;CH;;;;;;8.63333;47.7;8206
1;CH;;;;;;8.63333;47.7;8207
1;CH;;;;;;8.63333;47.7;8208
1;CH;;;;;;8.6;47.6667;8212
1;CH;;;;;;8.61667;47.6833;8212
1;CH;;;;;;8.5;47.7;8213
1;CH;;;;;;8.5;47.7167;8214
1;CH;;;;;;8.46667;47.7;8215
1;CH;;;;;;8.48333;47.7;8216
1;CH;;;;;;8.46667;47.6667;8217
1;CH;;;;;;8.48333;47.6667;8218
1;CH;;;;;;8.41667;47.6667;8219
1;CH;;;;;;8.56667;47.7;8222
1;CH;;;;;;8.5;47.7167;8225
1;CH;;;;;;8.48333;47.75;8226
1;CH;;;;;;8.55;47.7833;8228
1;CH;;;;;;8.55;47.7333;8231
1;CH;;;;;;8.6;47.75;8232
1;CH;;;;;;8.7;47.7333;8240
1;CH;;;;;;8.63333;47.6833;8245
1;CH;;;;;;8.63333;47.6833;8247
1;CH;;;;;;8.63333;47.6667;8248
1;CH;;;;;;8.75;47.7;8253
1;CH;;;;;;8.75;47.6667;8254
1;CH;;;;;;8.75;47.6667;8255
1;CH;;;;;;8.81667;47.65;8259
1;CH;;;;;;8.85;47.65;8259
1;CH;;;;;;8.85;47.65;8260
1;CH;;;;;;8.83333;47.6833;8261
1;CH;;;;;;8.81667;47.7;8262
1;CH;;;;;;8.86667;47.65;8264
1;CH;;;;;;8.91667;47.65;8265
1;CH;;;;;;8.98333;47.6667;8266
1;CH;;;;;;9.08333;47.6667;8272
1;CH;;;;;;9.13333;47.6667;8274
1;CH;;;;;;9.11667;47.65;8274
1;CH;;;;;;9.18333;47.65;8280
1;CH;;;;;;8.58333;47.45;8302
1;CH;;;;;;8.61667;47.45;8303
1;CH;;;;;;8.58333;47.4167;8304
1;CH;;;;;;8.61667;47.4333;8305
1;CH;;;;;;8.63333;47.4333;8306
1;CH;;;;;;8.68333;47.4333;8307
1;CH;;;;;;8.71667;47.4;8308
1;CH;;;;;;8.65;47.45;8309
1;CH;;;;;;8.7;47.45;8310
1;CH;;;;;;8.66667;47.4667;8311
1;CH;;;;;;8.75;47.45;8314
1;CH;;;;;;8.66667;47.45;8315
1;CH;;;;;;8.75;47.3833;8320
1;CH;;;;;;8.76667;47.3833;8332
1;CH;;;;;;8.83333;47.3667;8335
1;CH;;;;;;8.83333;47.3;8340
1;CH;;;;;;8.86667;47.3;8342
1;CH;;;;;;8.85;47.3333;8344
1;CH;;;;;;8.8;47.5;8352
1;CH;;;;;;8.86667;47.5;8353
1;CH;;;;;;8.9;47.4833;8355
1;CH;;;;;;8.93333;47.45;8363
1;CH;;;;;;9;47.4667;8370
1;CH;;;;;;8.96667;47.4167;8376
1;CH;;;;;;8.75;47.5;8400
1;CH;;;;;;8.75;47.5;8401
1;CH;;;;;;8.75;47.5;8402
1;CH;;;;;;8.75;47.5;8404
1;CH;;;;;;8.75;47.5;8405
1;CH;;;;;;8.75;47.5;8406
1;CH;;;;;;8.75;47.5;8407
1;CH;;;;;;8.75;47.5;8408
1;CH;;;;;;8.75;47.5;8409
1;CH;;;;;;8.75;47.5;8410
1;CH;;;;;;8.75;47.5;8411
1;CH;;;;;;8.66667;47.5333;8413
1;CH;;;;;;8.6;47.5833;8416
1;CH;;;;;;8.63333;47.5167;8422
1;CH;;;;;;8.6;47.5;8424
1;CH;;;;;;8.61667;47.4833;8425
1;CH;;;;;;8.58333;47.5333;8427
1;CH;;;;;;8.7;47.55;8442
1;CH;;;;;;8.68333;47.55;8444
1;CH;;;;;;8.63333;47.6667;8447
1;CH;;;;;;8.68333;47.6;8450
1;CH;;;;;;8.65;47.6;8453
1;CH;;;;;;8.56667;47.5833;8454
1;CH;;;;;;8.56667;47.5833;8455
1;CH;;;;;;8.65;47.6167;8460
1;CH;;;;;;8.6;47.6333;8462
1;CH;;;;;;8.61667;47.6;8464
1;CH;;;;;;8.68333;47.6333;8466
1;CH;;;;;;8.73333;47.5333;8472
1;CH;;;;;;8.76667;47.55;8474
1;CH;;;;;;8.71667;47.6167;8475
1;CH;;;;;;8.78333;47.45;8483
1;CH;;;;;;8.75;47.4333;8484
1;CH;;;;;;8.8;47.45;8487
1;CH;;;;;;8.85;47.4333;8488
1;CH;;;;;;8.8;47.4167;8489
1;CH;;;;;;8.83333;47.4167;8492
1;CH;;;;;;8.85;47.3833;8493
1;CH;;;;;;8.86667;47.3667;8494
1;CH;;;;;;8.91667;47.3333;8497
1;CH;;;;;;8.91667;47.3833;8499
1;CH;;;;;;8.86667;47.5333;8500
1;CH;;;;;;8.9;47.55;8500
1;CH;;;;;;8.9;47.55;8501
1;CH;;;;;;8.9;47.55;8502
1;CH;;;;;;8.9;47.55;8503
1;CH;;;;;;8.96667;47.6;8505
1;CH;;;;;;8.96667;47.6333;8507
1;CH;;;;;;9;47.6333;8508
1;CH;;;;;;8.96667;47.5333;8512
1;CH;;;;;;9.05;47.5667;8514
1;CH;;;;;;8.81667;47.5833;8524
1;CH;;;;;;8.9;47.6;8535
1;CH;;;;;;8.86667;47.6;8536
1;CH;;;;;;8.78333;47.5167;8542
1;CH;;;;;;8.81667;47.55;8546
1;CH;;;;;;8.85;47.55;8546
1;CH;;;;;;8.85;47.5333;8547
1;CH;;;;;;8.81667;47.5667;8548
1;CH;;;;;;9.01667;47.5833;8553
1;CH;;;;;;8.98333;47.5667;8553
1;CH;;;;;;9.03333;47.6;8556
1;CH;;;;;;9.03333;47.6333;8558
1;CH;;;;;;9.06667;47.6;8560
1;CH;;;;;;9.08333;47.6333;8564
1;CH;;;;;;9.1;47.5667;8570
1;CH;;;;;;9.15;47.6167;8573
1;CH;;;;;;9.15;47.6167;8573
1;CH;;;;;;9.13333;47.5167;8577
1;CH;;;;;;9.28333;47.5667;8580
1;CH;;;;;;9.3;47.5333;8580
1;CH;;;;;;9.18333;47.5333;8583
1;CH;;;;;;9.23333;47.5833;8585
1;CH;;;;;;9.23333;47.5833;8585
1;CH;;;;;;9.23333;47.55;8586
1;CH;;;;;;9.26667;47.5667;8587
1;CH;;;;;;9.25;47.5167;8588
1;CH;;;;;;9.38333;47.5667;8590
1;CH;;;;;;9.33333;47.5833;8592
1;CH;;;;;;9.3;47.5833;8593
1;CH;;;;;;9.28333;47.6;8594
1;CH;;;;;;9.25;47.6167;8595
1;CH;;;;;;9.21667;47.6333;8596
1;CH;;;;;;9.21667;47.6333;8598
1;CH;;;;;;9.36667;47.55;8599
1;CH;;;;;;8.61667;47.4;8600
1;CH;;;;;;8.7;47.3833;8604
1;CH;;;;;;8.7;47.3667;8606
1;CH;;;;;;8.66667;47.3333;8606
1;CH;;;;;;8.8;47.2667;8608
1;CH;;;;;;8.7;47.3333;8610
1;CH;;;;;;8.71667;47.3167;8617
1;CH;;;;;;8.71667;47.2667;8618
1;CH;;;;;;8.75;47.2833;8627
1;CH;;;;;;8.85;47.2667;8632
1;CH;;;;;;8.76667;47.25;8634
1;CH;;;;;;8.85;47.2667;8635
1;CH;;;;;;8.96667;47.2667;8638
1;CH;;;;;;8.8;47.2167;8640
1;CH;;;;;;8.85;47.25;8645
1;CH;;;;;;8.58333;47.3333;8702
1;CH;;;;;;8.61667;47.2833;8704
1;CH;;;;;;8.63333;47.2833;8706
1;CH;;;;;;8.61667;47.2833;8706
1;CH;;;;;;8.66667;47.2667;8707
1;CH;;;;;;8.68333;47.25;8708
1;CH;;;;;;8.71667;47.2333;8712
1;CH;;;;;;8.75;47.2333;8713
1;CH;;;;;;8.78333;47.25;8714
1;CH;;;;;;8.93333;47.2167;8716
1;CH;;;;;;9.05;47.15;8718
1;CH;;;;;;9.03333;47.2167;8722
1;CH;;;;;;9.05;47.1833;8723
1;CH;;;;;;8.98333;47.2167;8730
1;CH;;;;;;9.01667;47.2167;8737
1;CH;;;;;;7.36667;46.95;8750
1;CH;;;;;;8.96667;47.0333;8750
1;CH;;;;;;9.06667;47.0333;8750
1;CH;;;;;;8.9;46.8833;8751
1;CH;;;;;;9.06667;47.1;8752
1;CH;;;;;;9.08333;47.0833;8753
1;CH;;;;;;9.05;47.05;8754
1;CH;;;;;;9.08333;47.0333;8755
1;CH;;;;;;9.11667;47.1167;8757
1;CH;;;;;;9.15;47.1167;8758
1;CH;;;;;;9.05;47.05;8759
1;CH;;;;;;9.08333;46.9833;8762
1;CH;;;;;;9.15;46.9833;8765
1;CH;;;;;;9.16667;46.9667;8766
1;CH;;;;;;9.16667;46.9167;8767
1;CH;;;;;;9.05;46.9833;8772
1;CH;;;;;;9.05;46.9667;8774
1;CH;;;;;;9.03333;46.95;8775
1;CH;;;;;;9.03333;46.9667;8775
1;CH;;;;;;9.01667;46.95;8777
1;CH;;;;;;9;46.9167;8783
1;CH;;;;;;8.98333;46.9333;8784
1;CH;;;;;;8.56667;47.2833;8800
1;CH;;;;;;8.55;47.3;8803
1;CH;;;;;;8.7;47.2167;8805
1;CH;;;;;;8.75;47.2;8807
1;CH;;;;;;8.58333;47.2667;8810
1;CH;;;;;;8.58333;47.2667;8812
1;CH;;;;;;8.58333;47.2667;8813
1;CH;;;;;;8.6;47.2167;8816
1;CH;;;;;;8.66667;47.2333;8820
1;CH;;;;;;9.3;46.7;8825
1;CH;;;;;;8.7;47.1833;8832
1;CH;;;;;;8.68333;47.2;8833
1;CH;;;;;;8.7;47.1667;8834
1;CH;;;;;;8.73333;47.1833;8835
1;CH;;;;;;8.75;47.1167;8840
1;CH;;;;;;8.78333;47.05;8842
1;CH;;;;;;8.78333;47.0333;8843
1;CH;;;;;;8.81667;47.1;8844
1;CH;;;;;;8.71667;47.0833;8849
1;CH;;;;;;8.81667;47.1833;8852
1;CH;;;;;;8.9;47.1833;8854
1;CH;;;;;;8.93333;47.2;8856
1;CH;;;;;;8.88333;47.1167;8857
1;CH;;;;;;8.91667;47.1;8858
1;CH;;;;;;8.93333;47.1667;8862
1;CH;;;;;;8.98333;47.1667;8864
1;CH;;;;;;9.01667;47.15;8865
1;CH;;;;;;9.05;47.1167;8866
1;CH;;;;;;9.05;47.1167;8867
1;CH;;;;;;9.1;47.1333;8872
1;CH;;;;;;9.13333;47.1333;8873
1;CH;;;;;;9.16667;47.1167;8874
1;CH;;;;;;9.21667;47.1167;8877
1;CH;;;;;;9.21667;47.1167;8878
1;CH;;;;;;9.25;47.1167;8882
1;CH;;;;;;9.25;47.1;8883
1;CH;;;;;;9.25;47.0833;8884
1;CH;;;;;;9.28333;47.1;8885
1;CH;;;;;;9.41667;47.05;8887
1;CH;;;;;;9.35;47.0833;8890
1;CH;;;;;;9.35;47.1;8892
1;CH;;;;;;8.41667;47.3833;8902
1;CH;;;;;;8.46667;47.3167;8906
1;CH;;;;;;8.45;47.2833;8910
1;CH;;;;;;8.41667;47.2667;8912
1;CH;;;;;;8.4;47.2833;8913
1;CH;;;;;;8.4;47.3;8916
1;CH;;;;;;8.38333;47.3;8917
1;CH;;;;;;8.38333;47.3167;8918
1;CH;;;;;;8.51667;47.2333;8926
1;CH;;;;;;8.46667;47.25;8932
1;CH;;;;;;8.41667;47.2333;8933
1;CH;;;;;;8.45;47.2333;8934
1;CH;;;;;;8.56667;47.2667;8942
1;CH;;;;;;8.45;47.4;8952
1;CH;;;;;;8.4;47.4167;8953
1;CH;;;;;;8.4;47.4333;8955
1;CH;;;;;;8.35;47.4333;8956
1;CH;;;;;;8.36667;47.4167;8957
1;CH;;;;;;8.38333;47.3667;8964
1;CH;;;;;;8.38333;47.35;8965
1;CH;;;;;;9.33333;47.45;9030
1;CH;;;;;;9.46667;47.45;9034
1;CH;;;;;;9.48333;47.4167;9038
1;CH;;;;;;9.4427694444;47.4131944444;9042
1;CH;;;;;;9.46667;47.4;9043
1;CH;;;;;;9.4;47.3333;9050
1;CH;;;;;;9.41667;47.3833;9055
1;CH;;;;;;9.45;47.3667;9056
1;CH;;;;;;9.43333;47.3167;9057
1;CH;;;;;;9.31667;47.3667;9064
1;CH;;;;;;9.26667;47.4;9100
1;CH;;;;;;9.26667;47.4;9101
1;CH;;;;;;9.26667;47.4;9102
1;CH;;;;;;9.25;47.3667;9103
1;CH;;;;;;9.28333;47.3667;9104
1;CH;;;;;;9.23333;47.3167;9105
1;CH;;;;;;9.28333;47.3167;9107
1;CH;;;;;;9.3;47.3333;9107
1;CH;;;;;;9.33333;47.3333;9108
1;CH;;;;;;9.2;47.3667;9113
1;CH;;;;;;9.11667;47.3667;9122
1;CH;;;;;;9.11667;47.3333;9125
1;CH;;;;;;9.13333;47.35;9126
1;CH;;;;;;9.28333;47.4667;9205
1;CH;;;;;;9.28333;47.4667;9213
1;CH;;;;;;9.2;47.5333;9214
1;CH;;;;;;9.35;47.55;9217
1;CH;;;;;;9.18333;47.4167;9230
1;CH;;;;;;9.13333;47.4333;9240
1;CH;;;;;;9.11667;47.4333;9242
1;CH;;;;;;9.08333;47.4333;9243
1;CH;;;;;;9.11667;47.4333;9244
1;CH;;;;;;7.38333;47.1333;9245
1;CH;;;;;;9.2;47.45;9246
1;CH;;;;;;9.11667;47.45;9247
1;CH;;;;;;9.38333;47.45;9302
1;CH;;;;;;9.36667;47.4667;9303
1;CH;;;;;;9.35;47.4833;9312
1;CH;;;;;;9.31667;47.5167;9313
1;CH;;;;;;9.43333;47.5167;9320
1;CH;;;;;;9.36667;47.5333;9322
1;CH;;;;;;9.46667;47.4833;9326
1;CH;;;;;;9.41667;47.4667;9402
1;CH;;;;;;9.46667;47.4667;9403
1;CH;;;;;;9.5;47.4667;9404
1;CH;;;;;;9.53333;47.4333;9410
1;CH;;;;;;9.55;47.4167;9413
1;CH;;;;;;9.55;47.4833;9423
1;CH;;;;;;9.58333;47.4667;9424
1;CH;;;;;;9.28333;46.6333;9425
1;CH;;;;;;9.6;47.45;9428
1;CH;;;;;;9.63333;47.4;9435
1;CH;;;;;;9.6;47.4167;9436
1;CH;;;;;;9.6;47.4167;9442
1;CH;;;;;;9.63333;47.3833;9444
1;CH;;;;;;9.58333;47.4;9445
1;CH;;;;;;9.53333;47.35;9453
1;CH;;;;;;9.53333;47.2833;9464
1;CH;;;;;;9.5;47.2333;9465
1;CH;;;;;;9.5;47.2667;9466
1;CH;;;;;;9.45;47.2333;9468
1;CH;;;;;;9.46667;47.1667;9470
1;CH;;;;;;9.43333;47.2;9472
1;CH;;;;;;9.43333;47.2;9473
1;CH;;;;;;9.48333;47.1167;9475
1;CH;;;;;;9.46667;47.0667;9477
1;CH;;;;;;9.48333;47.0833;9478
1;CH;;;;;;8.98333;47.5167;9506
1;CH;;;;;;8.95;47.5333;9507
1;CH;;;;;;9.1;47.4833;9514
1;CH;;;;;;9.11667;47.5333;9517
1;CH;;;;;;9.15;47.4833;9526
1;CH;;;;;;9.18333;47.4667;9527
1;CH;;;;;;8.95;47.5;9545
1;CH;;;;;;8.93333;47.5167;9548
1;CH;;;;;;9.03333;47.4833;9552
1;CH;;;;;;9.03333;47.5167;9555
1;CH;;;;;;9.03333;47.5167;9556
1;CH;;;;;;9.08333;47.5167;9562
1;CH;;;;;;9.06667;47.4;9602
1;CH;;;;;;9.08333;47.4;9604
1;CH;;;;;;9.06667;47.35;9606
1;CH;;;;;;9.03333;47.3667;9607
1;CH;;;;;;9.08333;47.3833;9608
1;CH;;;;;;8.98333;47.3667;9613
1;CH;;;;;;9.08333;47.3333;9620
1;CH;;;;;;9.1;47.35;9621
1;CH;;;;;;9.05;47.3167;9622
1;CH;;;;;;9.08333;47.3;9630
1;CH;;;;;;9.18333;47.3;9633
1;CH;;;;;;9.11667;47.25;9642
1;CH;;;;;;9.16667;47.2333;9643
1;CH;;;;;;9.2;47.2167;9650
1;CH;;;;;;9.3;47.2;9657
1;CH;;;;;;9.35;47.2;9658
